859
214
64
452
119
176
378
681
738
630
836
278
155
121
400
222
598
772
311
834
330
503
824
786
892
718
306
332
368
369
448
884
463
508
890
910
536
584
858
587
445
914
483
309
271
949
639
375
773
539
346
948
480
905
234
576
709
176
267
55
172
60
774
430
22
134
163
98
502
622
818
779
536
802
728
474
940
469
200
942
977
122
981
165
954
463
346
799
493
798
144
405
351
353
227
248
136
247
585
682
950
952
550
315
397
427
215
262
434
236
209
132
818
564
299
721
917
254
135
782
475
137
989
891
658
573
166
661
689
997
736
78
935
514
653
517
873
307
365
48
477
671
734
443
941
545
95
519
460
882
220
995
396
451
258
960
236
193
654
186
892
677
9
309
242
164
342
106
975
220
217
371
788
404
127
705
568
979
373
169
678
931
122
833
492
36
675
279
34
902
796
698
323
509
679
63
687
608
929
376
444
0
919
20
114
470
608
345
600
115
580
44
102
963
855
854
879
254
703
62
605
358
708
930
337
27
40
660
162
725
183
414
807
463
385
744
821
996
782
603
664
752
282
513
208
963
583
177
281
562
800
70
602
485
616
69
119
400
510
521
227
597
271
12
592
399
573
242
438
958
41
718
135
10
378
335
366
116
386
760
412
784
877
653
176
215
88
55
731
272
678
501
578
846
451
28
389
124
234
354
167
630
371
570
244
708
484
704
349
789
491
764
273
163
565
21
622
488
845
905
435
597
498
683
772
896
308
621
360
494
359
412
105
897
197
216
406
722
110
3
582
915
674
444
291
26
782
105
17
326
590
354
4
410
601
94
338
957
799
976
212
447
907
473
906
207
89
186
963
517
285
839
689
17
592
210
359
93
314
559
631
965
941
572
173
694
769
30
501
860
594
882
135
830
156
517
874
412
583
416
308
524
820
689
71
554
415
513
709
16
905
43
747
27
772
379
825
715
939
339
327
106
864
142
413
173
831
89
263
35
987
18
541
29
729
679
801
589
692
628
941
69
662
553
197
760
260
212
570
24
904
899
722
338
585
610
535
887
124
307
528
733
654
477
439
10
545
322
736
250
29
953
428
665
746
2
142
452
397
77
803
201
621
239
262
424
827
329
142
439
12
957
671
12
463
85
316
649
289
445
984
561
981
918
852
588
958
460
653
787
912
694
769
620
302
187
230
276
786
873
905
646
591
680
214
271
530
532
503
188
50
669
28
135
735
68
207
321
128
221
135
868
222
445
431
694
429
133
605
761
595
777
513
139
698
740
512
103
529
448
617
38
290
617
620
462
810
743
235
973
92
720
200
638
38
37
370
271
900
226
909
105
434
333
143
16
303
410
566
231
238
694
32
932
386
326
971
896
970
765
621
481
232
243
322
560
998
936
167
749
453
159
290
607
504
403
865
770
800
344
228
341
74
787
712
838
840
347
673
768
754
88
988
732
605
249
126
621
269
641
510
410
314
315
252
669
276
399
514
75
582
590
439
534
948
120
402
385
656
482
4
654
559
480
802
101
788
640
277
728
202
55
710
395
663
64
250
323
225
34
578
358
929
45
992
117
682
969
102
133
52
222
29
53
85
579
856
530
127
126
651
355
208
274
757
571
681
969
966
16
708
953
494
968
474
639
320
183
120
798
429
303
618
188
197
912
312
438
288
484
517
199
48
21
96
123
383
576
853
866
808
523
184
537
654
22
122
320
574
619
693
578
256
833
547
193
401
736
93
492
326
679
864
844
845
363
758
885
735
3
31
47
885
313
788
415
299
31
831
651
471
89
285
896
85
130
320
851
178
263
501
373
795
222
333
42
139
301
476
415
450
287
511
193
278
689
799
518
824
194
562
220
74
53
502
779
664
198
873
552
226
841
886
951
824
536
768
124
906
544
43
5
684
519
775
478
672
819
336
497
260
420
476
492
841
143
838
562
38
268
376
531
981
586
840
757
680
651
972
915
311
107
137
718
917
427
422
459
731
264
431
922
948
432
955
547
718
693
414
202
769
958
690
573
438
242
255
803
417
782
636
295
633
718
73
264
101
785
86
633
387
192
593
546
374
570
411
773
297
579
288
22
271
199
894
417
413
746
74
484
145
331
258
212
309
179
738
458
580
419
815
773
804
919
271
516
865
629
362
390
642
846
991
61
981
961
432
204
193
926
708
642
694
432
342
519
913
782
131
821
715
512
978
706
486
576
505
739
631
596
385
879
720
220
272
216
869
19
500
899
736
357
320
21
950
633
641
891
567
16
677
907
488
671
702
388
584
667
989
694
58
635
165
658
411
611
277
744
87
556
763
462
607
812
887
721
518
626
728
73
556
53
785
874
26
887
827
999
327
977
64
710
446
210
582
384
580
190
876
273
941
903
970
779
957
505
332
456
410
521
408
20
400
996
895
100
461
603
944
326
98
676
817
493
730
66
193
118
373
623
181
750
128
269
745
402
911
318
981
726
487
527
72
251
124
315
398
206
576
756
130
696
365
220
839
121
253
68
195
531
551
659
377
976
717
319
333
315
4
503
206
673
360
110
404
747
411
123
820
382
181
343
757
205
653
915
380
745
375
250
230
178
147
591
662
994
329
286
702
432
702
532
149
724
608
504
609
806
365
333
831
743
639
3
961
802
277
657
50
129
501
831
704
341
41
111
628
883
612
871
512
241
879
782
854
165
743
111
255
918
333
759
786
693
705
660
613
342
153
661
904
70
114
782
959
900
531
282
689
90
881
188
250
923
427
946
550
648
844
442
702
558
504
497
861
790
579
966
751
546
929
156
671
34
950
671
946
436
212
650
5
50
590
490
48
932
971
658
711
773
293
793
852
163
738
539
164
569
914
954
573
180
616
833
494
864
126
381
14
929
57
548
484
385
322
168
523
140
800
926
16
945
829
60
541
224
964
206
52
444
849
176
691
693
869
463
536
489
890
853
107
701
786
430
161
553
508
499
567
259
390
343
792
286
98
82
938
747
475
989
89
183
902
247
717
136
479
104
632
32
163
946
622
123
895
175
790
942
144
400
659
838
953
598
240
728
774
495
580
501
466
199
311
892
688
628
831
21
904
285
988
478
348
40
337
117
266
286
309
403
775
976
369
970
172
876
109
785
638
607
316
785
116
772
295
298
917
60
147
17
100
51
700
617
281
273
89
222
666
598
428
616
382
318
475
809
730
218
855
471
540
783
513
316
28
765
213
524
38
705
568
373
67
334
824
573
153
944
866
206
303
939
688
572
920
576
655
253
591
824
336
799
194
502
175
279
332
109
491
58
691
610
422
181
97
644
480
869
343
273
589
961
260
775
742
21
909
981
972
441
431
517
190
77
382
368
30
909
536
606
196
375
682
398
545
37
31
384
372
111
752
89
205
605
248
258
877
525
680
335
665
312
681
447
196
384
929
337
529
562
456
414
185
971
976
519
470
470
201
227
510
412
577
604
152
252
347
675
254
71
661
716
916
772
269
60
606
71
854
721
648
321
653
905
225
556
447
667
591
119
676
122
885
603
17
368
688
462
357
321
562
805
577
703
1
755
474
121
657
416
678
575
450
512
34
898
954
695
974
383
955
94
724
731
785
796
307
416
449
389
138
538
374
449
785
563
565
380
156
90
831
801
194
698
126
12
372
307
80
264
264
216
464
771
234
576
366
573
857
281
288
413
692
72
715
851
98
621
178
979
353
771
169
227
758
598
631
286
523
548
768
97
413
251
312
497
625
501
967
220
931
956
891
702
372
935
334
187
284
416
328
178
959
9
672
48
608
982
643
763
182
909
214
668
189
426
498
858
620
664
989
510
727
277
65
372
496
679
853
710
619
896
234
552
532
597
339
972
886
257
755
931
280
541
987
832
261
72
121
216
132
432
855
473
599
161
677
309
411
629
231
833
64
779
59
89
288
749
548
192
23
162
927
626
147
14
963
302
102
994
251
866
949
146
114
898
864
987
6
286
239
154
652
277
180
36
582
313
703
367
795
139
389
636
207
647
682
867
627
537
182
379
855
946
693
292
276
481
841
59
448
48
998
549
432
867
797
327
490
908
164
83
75
761
436
707
971
677
807
684
854
524
332
790
302
396
127
55
594
378
473
608
37
394
711
711
257
14
483
345
998
564
800
836
251
4
421
571
902
711
929
893
167
564
49
198
470
991
360
160
3
930
778
368
875
150
795
610
949
122
111
831
824
389
393
703
108
330
647
810
760
146
371
46
590
182
676
691
44
79
361
400
77
816
893
200
9
393
253
632
883
495
170
795
892
136
651
836
821
906
375
190
249
659
553
965
768
655
997
519
69
305
668
36
235
774
245
839
557
84
320
704
380
754
730
429
690
617
43
328
715
537
590
426
652
963
429
723
467
213
575
610
741
599
53
890
906
917
376
694
90
883
252
714
487
404
431
187
739
946
422
314
827
319
310
278
347
727
477
920
944
361
133
964
974
343
548
992
458
150
565
47
906
0
965
869
880
134
60
803
483
506
61
66
805
416
891
542
337
369
660
338
30
860
435
910
95
926
742
616
234
760
375
184
817
974
928
301
367
27
995
923
156
239
108
78
927
215
498
60
629
311
708
698
765
310
868
478
483
637
39
521
35
45
267
946
269
81
421
540
541
967
388
929
831
886
769
15
461
534
692
366
837
733
732
496
154
324
411
114
258
630
137
477
924
971
198
572
810
690
28
191
793
569
792
511
509
633
694
281
976
636
623
652
541
758
24
2
703
898
885
131
477
99
924
698
929
771
642
785
825
317
971
437
408
190
675
177
132
367
415
218
735
51
704
359
997
551
477
164
457
934
732
205
354
659
29
927
631
823
627
79
607
842
771
774
613
117
991
950
513
677
567
776
324
887
247
442
642
729
265
495
521
735
222
792
476
731
546
569
255
735
363
440
527
578
754
293
965
276
880
886
446
134
45
798
490
853
910
980
764
704
384
806
117
531
676
473
267
355
361
451
810
101
361
147
802
873
967
430
702
103
274
520
549
477
578
393
918
802
70
72
380
292
76
895
848
427
658
807
823
531
989
940
342
159
486
599
911
177
386
217
634
658
148
959
123
394
884
120
168
226
649
719
303
888
393
776
227
59
983
642
719
621
141
321
795
116
22
882
63
578
417
363
206
328
760
497
414
638
253
0
940
507
884
158
545
913
855
30
71
570
73
994
642
673
333
942
491
488
333
915
102
777
39
67
813
466
420
247
942
443
802
174
882
620
557
828
647
428
692
927
174
142
653
260
142
41
161
995
950
821
204
551
985
783
13
466
109
652
886
941
879
75
565
587
38
634
351
921
895
326
52
978
236
665
997
533
497
452
134
940
266
376
415
407
959
362
205
848
76
488
202
429
213
831
804
289
292
721
537
919
259
410
471
54
676
109
247
179
991
386
912
345
143
426
823
195
841
553
24
155
181
805
627
127
399
181
502
666
998
838
328
678
181
633
735
545
683
960
986
426
701
968
998
572
498
842
82
165
40
16
202
981
422
819
965
789
710
297
255
469
558
309
813
456
520
101
592
431
800
678
660
249
168
209
540
386
380
586
342
689
687
533
71
143
71
596
492
383
732
926
64
28
87
22
39
828
330
443
445
713
916
343
176
922
289
568
28
919
290
915
314
178
211
70
280
667
221
734
71
284
656
792
284
742
285
428
263
263
523
751
575
348
894
47
236
367
238
644
86
508
865
633
63
271
696
118
696
619
81
181
37
498
694
628
778
808
764
195
237
518
741
307
193
982
316
670
558
547
876
439
276
3
519
957
717
479
174
142
261
829
820
647
44
673
476
716
46
241
711
738
907
835
471
419
600
533
532
701
67
731
25
485
270
83
271
154
878
17
284
144
28
93
891
109
994
243
181
56
197
455
711
939
482
226
927
116
216
605
778
697
617
865
602
857
783
878
10
929
310
862
39
804
946
147
711
912
886
622
54
390
694
286
939
719
936
428
166
269
561
280
807
912
412
741
410
565
389
778
93
14
926
749
927
881
608
532
53
137
405
92
76
349
14
399
39
575
842
826
612
256
656
110
317
917
298
170
366
27
967
622
150
492
102
65
563
604
839
757
446
475
916
800
927
947
971
189
789
438
292
752
615
753
910
48
961
707
141
76
980
252
245
675
688
591
976
486
172
916
235
564
190
377
845
339
60
686
270
525
427
233
464
163
534
213
890
676
631
577
272
314
193
453
871
844
196
670
287
230
482
871
471
930
145
570
780
640
818
488
814
69
196
785
91
785
49
411
11
465
838
725
610
890
880
598
171
518
659
758
828
642
966
572
579
754
65
497
16
355
780
162
793
256
439
318
358
431
86
13
989
168
655
932
290
218
709
130
326
686
381
255
957
613
302
206
194
395
164
525
500
37
776
500
681
400
567
233
935
806
872
884
377
200
150
124
254
40
202
230
64
919
486
957
682
785
309
411
501
68
277
98
466
948
453
280
987
661
985
324
944
823
368
887
28
248
389
510
371
126
624
219
47
154
833
132
598
148
488
127
631
362
250
761
414
525
132
354
903
513
464
321
932
304
32
733
867
925
59
146
439
590
109
912
241
840
964
776
10
990
21
884
265
72
357
401
649
885
783
313
990
234
189
135
276
448
586
171
174
165
685
759
33
197
702
684
445
755
339
13
834
763
975
547
911
238
572
102
781
409
234
464
254
589
740
362
570
749
408
188
615
126
257
880
268
422
434
502
170
386
58
915
455
739
62
83
478
890
736
70
63
735
234
247
968
882
639
128
582
280
39
378
140
998
540
312
295
319
11
835
999
287
541
241
613
66
380
547
14
923
485
229
180
418
803
985
962
25
637
526
421
60
421
135
180
921
998
440
28
390
458
819
19
928
647
384
902
79
677
888
845
910
59
301
379
227
944
495
797
283
899
340
581
405
947
513
562
976
610
125
574
384
817
483
43
900
203
160
849
68
389
437
134
306
316
62
17
387
83
568
55
827
927
87
829
807
149
104
30
371
305
735
432
411
480
890
847
676
725
155
935
210
95
480
725
939
248
501
285
330
223
976
377
676
104
277
907
211
53
126
126
524
327
786
810
375
368
593
703
888
34
528
86
633
457
575
919
915
649
35
115
348
933
350
95
841
322
620
79
915
983
659
429
777
197
930
404
81
891
809
972
236
350
894
955
682
41
439
890
972
77
201
961
261
835
629
945
897
769
803
89
329
576
140
729
918
792
778
595
31
25
136
301
413
170
840
649
979
845
304
394
923
634
881
79
833
243
730
164
716
559
529
591
670
448
616
514
433
993
567
826
827
938
810
474
820
554
661
993
115
357
688
178
95
680
910
255
153
877
886
537
732
382
605
296
775
611
776
906
122
89
860
44
281
137
168
386
657
486
643
642
471
404
180
733
0
64
187
339
715
879
512
405
782
296
107
554
622
480
763
619
942
802
757
153
540
85
834
473
102
571
682
319
504
324
536
980
499
239
877
551
663
886
86
859
510
763
80
388
985
124
473
442
468
697
175
618
636
205
812
385
776
46
398
693
181
975
85
464
827
749
261
820
294
753
198
714
384
755
441
910
653
633
265
305
75
364
919
335
981
274
962
170
964
886
589
461
52
320
11
170
356
411
848
507
144
831
502
396
547
95
245
101
847
816
978
35
259
743
931
344
209
177
879
693
394
131
260
998
902
824
635
22
224
226
786
805
592
809
987
554
501
888
540
295
974
700
491
156
108
357
924
436
745
264
602
791
290
27
987
373
289
757
791
416
249
854
270
609
789
630
443
551
609
61
963
229
75
502
11
45
500
927
198
803
177
602
237
702
805
642
619
12
613
454
938
737
639
732
912
82
726
337
459
221
25
308
411
410
713
830
317
329
35
360
379
202
289
555
204
986
563
479
399
837
805
2
609
852
914
412
616
501
325
888
880
796
87
600
610
124
782
920
945
458
332
53
954
610
497
405
373
224
872
286
345
461
639
96
952
56
182
173
728
196
159
717
46
978
391
760
690
490
389
700
435
290
331
255
453
20
383
387
524
553
213
690
703
944
546
988
491
136
745
159
166
646
831
285
440
394
131
994
102
798
840
724
295
900
729
346
472
225
249
84
143
215
875
553
129
169
856
165
39
41
904
980
596
747
994
712
500
414
859
519
343
927
481
285
528
291
459
259
931
755
651
992
112
744
262
436
295
348
686
757
328
584
985
648
940
746
720
771
975
645
711
426
929
19
524
969
136
901
558
456
970
159
788
933
63
160
367
27
558
873
706
447
785
242
302
942
32
563
511
182
110
489
549
465
253
995
761
437
710
247
208
297
648
12
77
152
805
666
592
805
478
601
610
688
755
20
560
262
434
820
89
737
279
511
798
949
939
92
952
297
68
272
135
130
745
374
932
672
79
897
65
35
414
876
948
66
361
332
279
234
680
911
673
54
526
574
729
175
119
252
973
867
563
516
431
675
206
450
375
62
792
961
674
585
605
267
779
96
591
163
191
398
27
639
355
657
430
126
957
158
740
726
223
595
500
724
944
288
290
880
746
793
351
625
353
429
78
476
813
539
74
68
960
523
816
695
744
821
240
121
54
696
960
103
704
476
672
235
709
415
127
45
485
388
54
825
302
604
780
23
274
308
669
393
542
115
431
78
983
287
904
99
399
420
557
7
459
844
426
366
608
815
599
393
796
929
318
949
899
87
857
243
726
413
991
481
416
130
564
906
408
555
423
884
693
642
386
931
662
515
855
220
665
20
537
876
428
815
271
386
32
62
868
920
14
814
900
258
785
491
658
408
913
629
874
825
550
26
913
983
916
482
225
506
467
375
360
787
755
380
931
531
3
85
504
826
63
816
716
278
855
171
955
986
812
634
670
28
798
412
622
750
758
626
45
775
955
97
545
896
931
589
129
246
268
928
298
611
767
338
421
948
710
940
30
669
375
738
992
994
546
682
486
760
260
304
652
497
35
728
795
789
615
261
508
384
831
4
0
374
39
845
626
264
546
957
737
520
296
726
993
807
125
86
312
845
651
922
781
798
473
120
627
671
989
808
923
430
911
332
668
784
961
580
315
344
845
981
79
631
809
943
447
432
544
385
394
851
326
701
671
908
478
430
48
261
61
990
570
276
81
253
137
458
919
969
15
842
253
689
303
273
4
635
988
666
962
545
835
864
663
384
413
380
679
160
340
102
824
5
727
233
177
511
397
823
393
440
639
98
841
179
775
598
270
991
512
33
659
428
175
746
767
713
78
615
705
724
106
490
833
550
519
623
425
96
706
502
88
148
69
957
38
52
730
473
185
769
176
251
340
560
440
57
678
808
470
305
199
425
362
924
516
440
568
13
637
138
467
570
330
775
261
588
998
550
617
105
352
137
986
375
64
877
189
464
356
488
470
498
26
338
778
11
170
952
527
663
951
268
100
621
746
746
765
5
207
544
957
953
437
694
584
97
840
979
942
566
866
36
168
337
155
400
351
510
76
646
986
619
375
725
979
344
820
70
706
97
830
383
72
882
781
4
981
979
910
290
879
967
207
134
203
295
134
59
535
816
783
132
137
203
773
763
0
915
519
255
457
215
388
283
923
662
80
83
376
781
364
250
36
449
994
917
181
40
653
531
173
95
620
969
32
596
840
986
957
459
634
110
861
506
555
388
948
75
523
440
634
93
56
685
672
599
117
771
229
398
481
558
629
797
220
417
950
43
948
258
280
493
709
514
931
43
947
236
585
400
927
194
716
8
504
781
322
674
934
611
907
406
21
6
148
801
118
825
521
574
177
150
6
509
727
154
250
9
692
366
458
453
71
391
465
941
398
209
79
831
773
221
677
174
383
593
637
276
733
740
822
271
86
764
472
295
753
746
697
516
103
788
686
44
986
428
584
826
897
889
511
801
404
601
351
197
205
519
272
887
440
671
285
598
992
313
564
669
985
647
201
860
880
115
529
243
526
177
234
39
523
887
231
420
572
953
522
451
622
674
84
694
274
204
680
797
765
155
953
195
425
893
766
785
727
963
578
392
198
393
7
347
576
121
126
988
276
635
785
114
211
355
951
919
641
577
599
715
685
872
984
401
406
978
662
160
12
33
795
678
59
313
312
681
691
26
566
375
633
704
812
35
298
565
856
712
308
206
311
538
292
157
476
705
819
676
567
211
329
77
537
716
20
347
748
537
264
336
639
923
935
570
289
423
630
166
457
709
419
250
993
716
700
168
212
843
706
412
527
653
289
331
273
926
917
442
590
439
927
577
960
996
922
110
984
164
31
20
495
85
515
485
283
644
546
103
575
176
107
328
626
178
985
380
803
522
4
694
446
802
944
294
366
115
144
667
910
34
831
227
975
145
372
21
284
127
946
669
239
269
827
778
633
894
777
124
517
465
815
691
853
49
305
325
479
693
326
827
854
269
112
597
769
498
285
767
408
70
991
229
354
123
937
8
224
220
730
109
298
429
625
532
389
882
151
320
571
382
180
836
124
184
538
556
561
265
107
941
209
480
610
480
315
654
793
887
38
386
299
79
298
729
398
417
390
198
497
99
568
357
132
837
346
708
24
713
712
923
428
129
341
79
650
818
287
232
395
755
489
343
399
33
306
55
484
143
841
374
789
500
141
69
979
841
432
456
20
692
461
25
153
138
52
436
44
323
911
957
763
222
429
571
598
788
335
518
521
435
960
580
970
945
249
708
859
289
725
540
446
983
286
851
629
556
805
95
387
784
164
897
480
22
386
209
161
350
25
62
731
539
305
524
535
86
729
354
511
117
530
730
308
294
514
880
714
548
942
674
674
837
385
556
840
50
419
856
362
729
352
57
999
115
665
102
927
656
310
616
994
518
126
851
9
297
203
17
344
356
965
730
659
930
443
702
661
531
805
955
465
216
886
182
967
972
852
339
449
943
538
212
731
353
183
859
452
25
447
102
190
211
194
758
693
846
329
585
985
992
125
767
176
856
355
461
455
580
80
316
171
701
856
814
278
465
809
749
538
294
210
13
263
701
634
504
82
218
996
686
576
674
85
861
262
918
490
928
10
127
510
637
949
338
797
511
603
513
342
861
434
849
428
247
700
584
487
836
542
153
213
536
731
570
178
526
346
551
368
2
142
867
464
159
629
334
800
897
67
401
459
239
574
204
550
966
679
460
869
694
14
913
706
353
245
70
305
345
494
621
364
583
6
33
912
168
551
967
528
388
583
342
668
630
544
953
896
662
58
820
892
165
207
753
708
980
820
259
994
154
572
538
150
582
887
46
631
62
171
792
419
988
699
550
184
390
859
867
216
368
391
90
115
559
897
304
80
598
959
953
817
374
578
358
775
368
665
531
231
993
871
390
243
175
422
693
868
15
664
505
875
994
892
41
120
268
109
369
725
522
448
530
335
231
908
542
849
304
770
425
616
20
261
396
480
922
686
289
40
913
538
408
228
914
401
326
891
915
667
624
994
90
565
960
905
269
435
977
723
239
949
503
729
938
626
597
517
443
835
191
957
237
74
10
755
387
643
171
507
383
665
730
305
636
168
866
568
379
826
698
891
122
7
803
977
774
355
46
307
484
29
873
981
186
705
210
292
579
197
343
342
293
236
809
684
82
234
54
100
47
868
428
735
38
950
887
647
962
769
742
130
608
74
629
490
700
440
466
292
624
873
730
212
363
449
680
695
373
496
375
292
628
58
694
190
816
201
107
344
259
700
855
944
726
692
93
816
886
720
190
617
662
72
883
430
584
332
176
627
493
556
977
469
234
484
595
129
106
495
344
324
671
970
102
871
701
256
953
321
113
985
752
286
758
991
454
200
793
312
227
233
76
303
381
626
334
12
746
399
311
399
842
448
283
827
184
328
726
915
191
967
967
722
788
594
365
397
337
766
395
289
827
557
923
397
682
567
479
269
958
678
422
721
580
28
185
386
751
763
789
951
690
829
893
810
189
276
564
346
630
117
174
473
813
322
98
109
159
706
218
16
394
517
829
945
882
534
805
209
5
57
736
389
469
811
394
775
176
528
350
620
188
153
624
296
763
966
434
456
980
480
523
85
968
125
933
753
781
612
175
684
378
164
897
937
716
217
623
636
309
620
110
932
366
614
256
453
407
81
612
17
885
38
751
585
453
122
851
36
934
862
899
234
42
608
456
517
586
918
876
2
643
983
310
974
561
948
50
500
414
483
89
905
672
272
345
727
337
435
743
909
301
110
729
356
661
220
199
812
202
477
168
998
866
34
652
951
208
871
286
943
636
684
940
711
524
979
982
146
209
630
218
867
933
719
937
181
129
548
251
140
829
835
121
58
974
97
654
746
902
528
618
762
531
380
135
400
845
662
143
373
319
838
573
453
273
480
138
696
500
220
748
153
224
596
638
427
560
632
225
296
399
475
428
943
371
359
317
730
515
873
24
649
813
532
395
599
146
618
980
609
919
232
310
229
797
692
611
531
105
914
997
388
766
390
163
57
192
685
19
149
638
726
744
105
747
530
943
944
780
855
456
763
250
514
139
851
948
858
262
302
430
525
245
466
954
224
234
416
644
91
930
933
59
126
417
56
388
15
204
908
178
675
120
361
259
660
91
322
247
228
952
806
442
795
573
997
732
307
85
700
602
145
736
552
626
728
932
583
488
912
138
604
964
767
957
673
293
455
143
396
160
209
208
386
404
384
134
281
357
329
307
717
103
68
935
436
169
489
518
175
760
12
398
651
626
575
664
548
175
758
544
986
217
160
937
20
423
517
765
79
521
130
31
799
860
392
605
985
140
358
405
211
647
145
771
434
600
890
418
716
841
960
452
800
441
360
945
702
250
370
595
771
389
567
666
937
619
601
373
330
115
613
397
924
152
244
779
165
293
933
323
126
349
849
391
569
774
906
950
524
314
606
729
235
390
482
349
938
605
370
55
423
714
841
32
319
976
443
260
160
350
634
414
589
440
313
477
378
911
948
87
177
818
432
755
864
677
166
630
565
197
616
231
475
361
139
225
220
13
306
283
426
708
526
551
314
630
306
941
540
179
713
191
54
774
371
369
554
462
341
530
41
30
553
379
598
777
185
348
56
523
792
12
717
288
961
12
841
842
395
453
18
966
589
395
488
155
441
459
234
898
816
585
417
85
557
1
239
295
497
257
506
315
927
342
583
464
457
527
903
875
764
707
177
474
876
418
104
974
242
301
590
833
597
567
395
857
870
595
518
937
184
449
427
805
370
812
128
880
664
663
804
422
806
124
864
167
294
153
227
225
254
10
100
570
901
840
112
719
556
340
908
273
637
488
192
636
798
66
862
87
867
384
427
976
380
355
481
707
53
503
243
218
302
226
827
566
631
242
117
636
20
939
69
14
49
539
883
538
844
777
277
246
7
234
459
109
290
86
633
339
0
254
780
519
591
615
447
891
196
684
831
638
55
624
855
321
794
588
49
229
387
348
942
899
668
566
876
372
873
325
288
459
347
268
997
515
109
252
198
902
860
609
417
310
68
802
602
975
963
769
600
16
133
366
721
745
779
562
433
863
268
328
688
518
479
245
645
973
397
426
296
73
993
761
243
848
605
586
976
18
23
125
490
660
521
206
804
52
413
829
280
413
655
269
686
412
118
216
528
944
414
364
621
633
639
932
976
474
354
141
352
112
839
215
398
93
715
307
999
203
104
643
128
76
607
972
29
514
113
847
215
814
389
299
850
513
92
552
121
865
185
878
190
451
642
313
482
458
556
34
335
771
798
970
130
742
352
881
700
915
585
86
311
13
707
257
872
603
515
299
964
986
880
507
649
787
364
276
794
159
77
762
666
778
561
349
82
9
510
632
5
644
238
153
159
791
129
117
534
547
862
755
377
920
241
27
888
790
127
415
748
804
914
813
89
577
649
52
171
850
237
499
861
976
499
26
164
418
497
219
96
358
294
923
510
222
975
992
861
831
123
575
477
275
107
987
593
249
660
394
710
888
62
676
910
610
429
383
180
393
878
286
11
773
129
700
565
347
885
512
327
570
464
688
694
745
870
847
128
623
677
137
892
911
991
558
990
823
822
427
988
506
992
391
407
560
724
69
658
457
303
428
685
221
416
978
514
74
279
775
226
276
30
309
445
619
495
668
754
875
869
338
359
143
252
212
146
209
45
170
719
680
685
130
778
319
812
289
775
785
801
495
949
551
820
930
227
225
237
412
858
713
141
411
888
50
36
577
51
488
104
181
806
758
66
745
605
909
965
189
748
475
949
197
413
323
199
684
549
449
883
853
801
247
529
400
900
352
543
433
653
193
850
71
121
899
405
739
563
782
64
32
909
237
22
697
722
634
208
771
468
646
198
194
516
932
113
240
444
220
557
624
751
366
492
686
331
998
103
563
502
589
216
731
673
419
552
584
354
598
59
537
129
785
972
157
960
390
731
707
49
710
753
497
35
379
866
36
787
391
641
513
548
148
234
634
573
766
449
565
237
935
956
627
452
721
883
657
159
935
537
425
552
987
292
948
200
63
682
151
847
177
228
959
455
51
962
676
664
701
999
200
36
349
760
544
460
559
70
739
303
734
976
50
273
211
962
900
454
289
300
18
878
880
2
512
290
519
913
551
109
513
861
630
127
335
399
514
722
380
463
674
909
745
168
60
79
555
471
997
779
588
359
107
529
515
721
828
552
582
823
152
103
822
301
733
15
600
67
836
544
937
235
772
108
876
776
199
659
347
300
93
229
788
382
231
173
39
306
158
153
291
274
417
667
6
659
97
653
179
350
130
780
729
0
842
454
450
387
299
408
761
452
747
650
215
517
895
732
775
670
682
639
228
867
840
440
252
402
324
133
366
439
816
578
90
188
881
79
878
806
199
571
612
872
102
89
247
970
781
460
608
695
471
65
771
511
463
971
211
459
154
630
302
952
711
883
644
714
476
712
258
60
188
933
889
460
372
742
677
868
993
840
832
186
575
611
247
149
802
412
407
333
377
115
857
556
990
69
178
90
781
771
739
163
626
680
633
376
368
15
125
712
753
874
370
397
366
931
882
696
307
223
398
603
193
526
369
963
314
430
924
479
460
464
850
801
813
45
149
693
763
759
398
346
201
112
252
28
295
734
501
970
109
442
54
150
998
417
154
462
141
118
221
809
635
898
569
398
435
453
899
309
104
778
258
249
914
99
0
158
177
640
481
837
337
605
37
351
468
833
123
165
532
20
502
622
52
433
966
200
47
93
376
179
812
100
390
795
717
273
926
120
747
987
473
766
600
397
113
152
75
895
359
269
191
914
961
397
946
249
510
202
35
440
728
416
685
513
396
979
590
194
201
273
454
625
15
937
100
787
762
305
551
84
260
962
675
823
260
586
837
512
955
583
764
666
905
665
924
602
515
191
631
935
992
955
851
858
629
404
586
661
322
699
965
357
959
201
34
133
557
285
234
99
235
996
96
928
939
401
873
499
634
376
783
23
913
738
744
891
524
717
331
770
411
100
116
753
804
757
713
275
502
541
286
907
783
173
132
545
816
729
826
586
22
326
64
933
621
301
673
182
292
658
973
944
628
887
253
42
519
347
240
935
428
959
113
556
370
475
257
685
871
297
241
421
774
358
627
515
561
745
476
352
908
895
992
283
317
987
499
89
168
844
907
20
564
257
97
637
564
292
904
795
89
797
416
563
219
984
675
6
265
406
91
864
474
537
292
975
65
299
510
448
662
131
548
909
885
857
339
995
482
489
216
878
285
455
353
967
742
539
765
80
514
711
31
131
983
704
96
599
211
99
131
941
361
810
31
933
537
599
219
271
978
845
823
896
255
321
681
623
834
443
955
907
250
180
574
328
519
48
856
945
457
394
221
381
739
429
334
305
384
84
912
603
527
563
859
764
758
325
411
435
814
92
284
783
871
307
36
638
790
166
970
940
556
448
170
385
262
825
656
321
391
935
757
19
265
962
261
259
852
268
617
134
937
332
124
769
334
742
171
570
392
50
355
316
936
616
68
836
683
722
349
299
893
269
588
321
588
514
533
387
963
267
909
571
124
85
435
58
759
93
82
406
969
2
375
649
444
331
391
467
590
506
144
679
256
493
89
427
672
870
747
773
658
479
205
651
846
354
214
448
458
820
218
169
673
345
447
91
304
847
178
568
411
166
983
19
902
937
16
421
663
180
238
459
805
45
411
745
404
652
807
958
801
250
767
343
948
928
119
782
154
298
138
430
575
902
880
147
538
792
375
303
755
0
414
166
175
24
688
529
500
563
709
722
449
5
487
974
632
38
824
144
171
657
512
911
288
925
722
536
268
726
45
747
779
988
273
334
688
77
105
445
63
991
320
303
900
958
16
943
804
840
661
976
23
642
453
594
769
56
725
99
934
566
405
132
120
861
868
110
300
990
702
196
866
518
60
378
775
115
598
411
504
930
330
365
317
562
156
553
533
83
676
255
715
565
263
34
41
648
961
982
942
374
17
87
480
948
712
884
563
769
774
368
183
374
995
928
889
384
864
458
136
717
254
412
73
203
417
630
100
266
951
98
779
595
777
283
411
925
576
851
532
403
578
378
548
317
823
969
633
400
819
567
798
97
704
537
776
522
42
520
682
451
604
953
192
819
703
281
452
741
814
328
283
730
990
459
61
174
715
238
276
229
686
131
669
922
109
547
317
920
389
967
224
648
616
506
513
22
560
485
99
241
430
512
633
641
419
30
952
952
154
222
657
766
81
808
453
55
713
65
236
823
920
818
933
677
421
483
410
773
478
335
744
5
250
458
6
650
23
613
785
959
703
954
66
750
726
636
823
128
484
975
716
981
46
294
113
101
574
271
382
215
425
133
154
81
123
942
499
522
970
481
391
550
461
240
932
978
257
9
284
825
592
623
208
661
708
494
437
781
640
563
539
480
603
936
746
582
747
911
781
138
519
877
31
828
899
710
480
612
356
952
684
190
853
355
367
879
462
19
964
875
607
631
943
158
198
968
20
289
316
636
754
751
2
728
777
556
611
219
233
301
364
654
382
953
451
396
824
803
969
386
305
989
344
216
917
52
393
151
92
421
798
63
592
458
820
79
86
198
47
322
857
152
588
358
446
676
797
386
168
12
975
303
53
276
445
472
760
786
340
683
905
599
409
994
226
135
676
855
864
225
651
193
114
334
304
765
147
419
440
29
696
424
918
580
591
254
81
795
377
579
889
299
604
169
131
757
471
53
45
426
419
715
970
501
744
161
278
48
993
679
825
593
406
488
181
163
30
634
528
895
205
792
773
317
710
540
40
641
635
716
348
483
843
851
521
688
323
294
702
846
853
426
155
599
515
496
294
38
174
492
18
359
159
38
588
522
102
70
667
832
73
979
888
413
278
224
571
733
457
100
441
559
794
22
988
739
496
459
941
332
145
232
749
118
144
281
543
812
974
116
937
291
27
32
433
160
829
48
88
400
510
82
157
16
923
759
211
449
615
725
767
91
908
769
702
488
507
469
245
800
152
218
436
33
809
322
623
724
739
40
418
526
57
350
486
830
671
460
346
768
397
620
238
585
106
663
410
605
776
787
251
599
412
208
712
881
725
541
889
591
302
202
594
463
415
686
215
95
735
336
306
104
705
862
308
113
468
222
988
176
430
824
226
212
639
249
158
96
988
34
635
337
630
169
734
765
37
704
662
934
927
138
563
725
957
616
583
432
253
181
994
44
990
654
966
7
786
41
463
167
584
777
557
177
589
982
624
858
719
437
28
593
268
108
68
299
757
262
772
520
878
547
666
400
945
495
365
206
623
254
138
63
676
277
556
12
627
640
181
356
618
496
989
52
822
293
11
930
228
433
526
492
567
2
409
432
570
583
95
748
469
34
254
986
487
711
378
36
142
196
566
128
314
342
222
829
214
457
129
625
644
708
931
577
199
263
515
920
196
307
760
648
376
282
714
270
404
330
912
999
852
84
366
493
636
803
408
92
16
795
904
334
129
256
552
175
240
203
49
85
471
359
695
438
587
959
320
114
16
156
650
877
987
594
873
895
394
610
145
236
468
63
275
400
825
501
832
648
885
778
104
25
806
233
386
286
299
319
270
421
510
29
88
980
676
394
968
539
215
715
765
852
789
416
559
623
666
538
218
839
168
95
671
460
420
895
279
808
91
615
376
354
368
890
357
553
465
502
529
429
712
736
431
948
710
390
960
591
922
646
543
228
821
156
746
762
531
31
458
952
242
952
860
952
694
765
275
108
513
671
116
829
500
539
573
990
310
911
835
183
63
525
452
414
486
695
371
400
696
825
138
829
31
710
446
895
958
804
188
277
395
339
329
632
81
769
383
963
728
82
682
924
492
161
715
766
543
201
38
121
343
850
760
353
914
330
188
779
796
704
830
920
586
456
142
577
26
145
17
13
358
949
340
822
15
118
242
31
102
444
435
820
54
919
795
562
417
980
335
657
197
504
172
634
50
252
474
965
740
623
853
484
5
418
326
312
890
712
314
445
397
245
626
663
455
669
408
606
442
548
339
393
986
877
610
754
679
403
612
16
560
742
51
601
338
13
40
210
168
953
5
752
883
706
426
162
22
593
452
250
380
996
690
49
466
386
611
85
841
546
244
296
927
194
579
24
345
535
733
794
356
878
592
849
767
459
242
353
282
709
629
958
574
357
78
87
820
626
908
334
676
53
875
789
47
402
992
323
961
793
941
562
108
10
48
669
378
28
179
446
335
329
424
972
196
971
154
498
707
558
164
401
977
597
249
589
479
636
341
584
439
82
514
869
348
325
174
107
1
707
665
454
631
461
816
777
798
562
690
608
892
346
251
34
988
531
962
122
830
249
868
346
207
383
522
657
326
547
458
951
50
807
2
178
695
34
945
440
497
954
542
858
427
956
554
851
96
973
337
331
844
292
778
264
891
175
223
966
709
748
930
968
494
552
143
491
366
844
303
982
933
41
386
578
716
928
247
799
652
28
917
910
260
891
98
661
599
282
59
680
337
320
58
919
308
158
45
729
551
231
106
303
127
499
738
537
353
840
201
659
394
598
273
441
485
322
797
157
270
716
314
922
730
119
8
791
858
750
494
509
163
62
333
89
371
875
49
259
380
90
727
628
606
498
273
675
243
414
43
342
273
232
253
448
404
617
768
724
571
774
31
812
814
816
341
135
875
547
495
583
817
452
20
608
748
95
486
400
329
282
989
988
238
27
828
906
773
865
613
233
93
396
996
770
69
354
354
649
793
736
954
520
147
60
657
908
609
909
381
32
348
194
907
208
674
27
976
162
921
16
575
607
324
752
64
776
701
833
38
30
795
252
815
160
360
324
305
206
936
738
95
827
455
478
235
565
99
515
408
382
610
411
992
966
238
653
31
542
902
965
290
549
467
119
713
632
879
849
209
927
180
18
495
735
206
994
822
220
306
734
779
778
870
807
680
656
876
820
703
93
903
774
47
843
453
371
46
104
256
421
729
157
103
688
349
413
44
7
141
618
475
678
663
710
902
113
847
701
609
876
585
10
81
996
826
306
562
221
502
89
574
237
774
248
356
203
361
248
758
544
644
164
729
524
888
555
564
310
450
843
523
701
551
307
356
838
273
325
788
303
690
221
280
676
591
730
904
719
565
610
495
213
666
346
256
574
226
613
286
359
704
741
490
8
366
580
48
254
632
774
222
304
823
529
386
425
907
555
921
624
759
116
932
520
756
224
134
56
588
928
809
658
924
626
175
548
905
581
279
944
770
357
688
795
492
717
170
26
83
332
34
281
360
542
722
71
92
622
285
993
591
759
20
35
345
759
830
515
415
712
895
808
240
82
844
674
936
532
889
330
386
466
746
29
406
698
970
458
737
834
677
577
476
432
837
429
281
277
620
151
889
635
100
504
68
447
780
20
718
76
799
537
301
578
366
600
863
171
298
214
675
517
808
644
837
706
444
30
901
855
437
964
583
526
521
247
641
409
468
31
642
187
241
898
347
91
854
987
881
155
991
203
209
372
334
33
596
141
400
87
124
915
983
177
392
771
997
319
516
332
615
1
401
672
596
279
839
274
210
982
347
490
655
854
381
564
472
286
222
809
62
577
774
955
309
380
715
625
287
873
697
218
752
372
528
390
212
217
426
498
408
32
555
779
254
112
891
865
471
183
524
917
540
821
678
868
54
846
685
69
935
868
189
71
426
354
852
874
753
582
51
951
67
762
613
704
756
931
761
346
182
161
596
475
789
146
626
710
418
904
394
718
271
232
112
40
801
652
897
718
132
281
376
303
899
694
625
998
620
535
845
209
574
121
524
98
242
101
391
763
581
726
554
498
781
671
314
51
869
676
954
61
239
250
233
598
934
106
954
521
225
384
172
320
526
788
482
913
124
651
84
472
466
360
587
911
335
620
794
353
1
350
823
334
429
17
854
147
512
740
373
991
698
905
118
524
653
155
140
534
929
429
387
911
599
2
754
146
103
611
411
505
254
798
208
607
128
706
773
862
100
629
615
746
149
846
723
69
550
773
837
614
939
631
488
927
763
228
725
506
656
683
167
464
990
217
700
957
581
559
902
216
137
24
598
894
196
346
22
22
903
782
604
407
542
898
36
945
725
119
5
45
595
265
472
199
329
542
538
347
644
577
622
792
372
914
239
470
700
59
581
527
770
989
680
666
352
83
447
345
837
165
600
220
85
976
583
848
888
416
292
955
950
772
312
315
376
853
155
810
604
902
412
543
66
982
589
848
672
640
441
83
543
859
14
722
995
175
729
150
860
860
449
863
14
959
18
646
999
77
189
310
334
112
885
768
510
786
128
802
542
183
336
694
614
696
987
234
765
550
330
197
255
923
327
223
936
989
97
23
772
486
815
201
107
283
144
564
799
325
961
153
149
522
709
50
779
583
165
236
275
612
299
446
493
957
20
719
301
979
973
912
288
678
465
999
821
46
899
788
349
909
882
103
62
159
824
256
517
146
25
723
747
550
215
845
297
74
955
100
159
821
200
415
617
491
347
283
234
866
160
918
802
874
620
14
264
608
194
850
959
715
831
194
498
761
28
24
886
212
622
224
518
29
416
240
890
767
480
615
308
834
724
341
518
984
183
440
512
933
769
893
66
146
443
550
761
316
180
683
722
437
438
455
38
44
69
893
911
419
267
86
74
506
156
916
867
50
483
971
769
13
890
528
580
671
305
76
231
705
775
66
338
952
330
446
956
173
256
485
470
229
295
718
24
552
222
127
243
117
578
959
234
559
23
92
801
879
562
727
118
671
296
376
208
1
791
961
704
576
522
563
486
659
906
623
69
984
605
567
882
574
370
643
318
674
349
119
181
126
436
711
265
598
466
974
708
143
835
560
534
567
931
697
272
132
976
328
603
779
757
103
889
489
129
677
821
53
426
683
983
403
312
163
349
284
512
168
406
977
204
85
668
119
350
400
535
832
348
313
19
620
394
918
893
610
6
80
68
161
433
534
22
675
66
817
397
381
287
761
68
266
423
685
598
901
617
628
147
640
262
526
418
117
521
333
928
853
308
38
803
702
961
624
354
406
33
343
938
25
568
359
373
387
51
20
267
121
628
599
501
393
447
111
459
203
638
674
916
126
600
597
330
347
638
801
615
619
996
201
639
852
475
657
355
434
112
123
328
331
985
163
177
827
18
910
351
262
19
204
425
311
959
464
787
508
819
71
716
781
578
49
928
833
784
930
752
414
266
843
9
904
141
263
530
426
898
270
169
587
165
386
533
436
43
251
812
965
988
224
47
936
441
941
974
883
480
466
933
578
925
401
998
134
347
622
736
493
921
495
424
728
935
407
488
179
788
646
353
232
150
164
795
597
212
976
166
988
126
775
549
64
341
230
292
753
70
427
451
506
997
435
875
720
414
301
112
957
951
825
932
151
960
84
114
430
887
104
46
770
479
692
351
314
298
560
583
682
112
871
541
91
432
665
461
495
744
68
839
633
449
865
3
636
965
971
715
493
576
464
867
265
939
718
14
568
917
779
591
822
523
260
903
890
461
50
782
621
397
866
583
733
623
648
334
912
959
513
560
647
797
858
807
263
682
748
828
445
202
298
725
297
249
465
452
159
888
692
530
86
517
262
337
127
610
794
730
590
742
18
892
374
337
769
877
913
631
748
712
502
906
370
70
988
887
827
867
83
269
889
760
326
232
107
627
673
938
785
862
313
320
314
88
723
541
53
549
246
491
79
589
483
785
376
36
445
844
18
700
924
498
364
96
878
972
766
499
460
527
781
157
740
5
603
894
423
686
946
335
338
593
524
590
293
168
931
718
741
749
201
806
929
726
771
326
247
193
839
219
193
299
278
353
988
369
280
371
198
293
749
631
847
944
289
141
541
790
721
361
534
580
57
815
472
813
267
130
290
320
862
250
320
423
285
62
151
729
882
523
253
172
400
931
946
797
564
61
213
351
658
188
405
368
416
929
354
660
0
349
236
792
866
672
574
943
233
269
7
998
426
556
101
261
956
489
927
211
160
5
449
670
49
267
68
286
801
676
299
921
877
408
956
769
390
112
353
544
89
168
535
4
500
625
454
360
199
911
428
144
484
962
910
674
359
747
114
148
406
82
644
864
986
385
151
591
850
243
697
508
126
106
338
100
484
64
272
885
701
58
267
471
105
883
843
893
580
942
292
981
534
768
53
776
625
362
354
907
201
337
519
980
5
650
300
206
986
711
339
321
612
953
390
271
763
545
954
60
602
371
911
0
915
425
948
882
672
91
298
