145
491
422
245
950
86
0
445
442
173
906
513
967
881
934
114
796
85
391
253
366
461
318
267
73
433
205
333
379
993
324
393
593
125
369
570
98
381
456
111
152
226
108
234
446
161
901
890
163
674
449
206
184
141
660
806
165
458
973
24
650
741
770
301
607
578
903
95
936
479
331
998
153
450
60
685
190
248
600
481
808
732
515
22
833
868
269
855
488
558
833
593
393
135
238
538
551
669
822
115
948
49
974
32
587
405
159
243
701
378
612
174
386
145
660
740
616
833
224
440
266
501
912
701
403
147
541
519
332
557
33
458
914
834
514
840
499
770
870
154
664
590
894
318
528
372
283
601
155
278
712
257
283
22
359
995
780
343
546
797
812
106
451
324
262
620
153
399
919
2
563
837
606
580
680
998
728
389
688
851
727
174
20
687
892
729
15
714
129
252
518
662
925
357
463
852
121
811
650
317
58
315
727
900
967
584
440
178
909
836
582
893
89
340
422
406
438
472
478
803
847
672
210
540
841
349
157
760
719
211
394
86
48
976
7
475
244
23
404
797
689
698
542
589
268
517
658
528
273
264
168
104
34
60
246
33
774
287
868
116
524
695
348
946
877
950
443
78
686
890
977
23
99
571
708
901
493
193
325
430
580
170
759
835
264
928
32
827
733
780
601
782
434
308
816
303
226
717
827
803
77
496
301
988
567
833
184
237
159
978
267
444
303
345
942
490
12
927
538
36
902
438
461
728
651
395
293
719
879
344
593
143
821
873
494
207
250
674
817
350
16
483
272
824
355
927
24
279
264
517
803
100
767
743
158
426
187
810
728
608
339
521
441
972
549
838
515
685
119
650
113
923
426
684
919
688
898
358
602
535
282
992
586
632
53
922
897
862
142
992
182
178
859
481
409
322
688
735
358
663
955
50
868
771
582
337
761
900
888
91
885
404
213
696
469
201
41
921
746
710
599
660
696
102
809
302
57
160
570
967
625
277
674
138
512
568
720
522
974
395
445
224
610
487
454
537
58
224
356
655
967
557
628
756
890
398
416
335
361
212
478
967
12
210
533
340
690
933
596
683
300
80
393
250
649
942
333
823
134
282
779
173
199
629
912
780
647
65
340
753
664
729
790
404
179
253
947
46
379
615
873
100
104
853
305
157
637
624
225
575
904
590
253
476
578
289
345
387
314
86
872
78
55
230
839
280
816
747
146
200
258
827
435
709
449
456
283
684
820
485
943
779
28
984
845
46
5
806
175
672
297
465
252
311
459
92
2
283
404
962
89
543
884
901
147
836
1
786
203
986
86
323
695
208
578
594
44
542
96
124
60
804
796
364
334
305
879
357
814
432
391
329
472
862
229
354
29
694
272
928
667
319
16
441
606
749
379
716
98
652
723
658
882
287
508
841
359
193
207
970
571
277
332
100
981
130
340
268
46
639
508
135
508
761
320
300
226
365
50
461
290
701
530
70
137
338
443
495
505
116
547
670
662
123
45
759
994
799
676
339
846
787
19
750
146
819
684
593
476
362
7
299
843
877
353
239
642
128
878
718
7
462
30
123
275
497
829
196
49
760
546
974
533
917
806
49
646
799
638
216
478
86
839
513
148
540
357
559
639
67
691
414
995
379
835
224
347
887
858
637
634
485
88
640
20
412
940
725
72
902
266
780
112
687
39
949
5
619
281
271
405
557
610
715
907
392
296
838
668
206
354
449
261
921
548
310
624
813
348
193
21
357
795
240
935
968
123
374
157
625
297
561
9
602
814
772
681
416
375
692
851
808
510
25
238
849
175
815
449
84
856
677
891
51
18
431
429
968
42
914
543
382
638
583
100
819
908
820
796
135
782
763
328
515
39
959
982
78
66
339
745
405
377
676
816
354
706
947
712
884
441
117
252
590
639
99
358
805
624
915
964
118
781
73
281
704
887
522
260
104
243
430
901
46
782
594
143
121
743
215
718
761
90
580
437
4
380
743
346
533
672
697
229
398
324
468
286
355
126
520
736
86
209
290
957
815
138
216
457
262
979
331
844
950
785
812
628
981
422
194
415
196
586
351
925
390
46
118
45
354
880
364
696
26
11
982
67
472
437
593
807
953
335
686
199
229
487
886
370
330
446
697
154
686
129
37
381
37
192
482
631
58
838
439
25
767
574
326
658
672
914
317
674
482
682
470
660
151
817
792
354
409
998
461
518
967
124
131
538
589
693
595
199
392
949
851
380
767
251
239
896
653
276
625
813
462
221
39
787
720
352
407
355
403
413
121
713
790
822
588
315
581
830
780
540
214
566
224
411
213
264
955
544
36
29
471
126
537
563
839
881
888
160
938
503
383
951
976
460
813
185
779
99
645
785
919
605
835
392
122
386
790
967
453
73
766
775
992
41
506
982
717
87
718
553
422
7
982
62
583
112
852
866
910
159
346
563
406
365
200
549
176
100
980
824
105
971
568
733
4
382
700
626
526
495
268
948
338
131
303
239
861
484
267
103
41
981
244
97
827
528
260
277
243
913
289
422
707
817
118
579
345
230
29
172
639
553
813
524
106
560
135
308
366
927
943
709
159
752
306
437
318
659
425
576
241
912
225
158
200
616
313
644
497
216
13
755
93
719
954
433
849
716
134
117
83
409
888
863
138
696
279
199
580
36
500
771
950
590
774
218
969
724
923
901
767
274
239
18
655
712
492
81
465
207
315
370
827
272
932
877
890
755
574
107
130
431
486
755
293
869
160
677
819
936
978
179
628
292
561
816
960
885
950
368
118
829
453
50
113
817
722
525
841
488
286
235
605
610
674
452
482
169
244
69
115
5
667
304
670
540
221
820
901
123
781
722
493
418
304
917
32
235
540
987
424
633
698
780
736
198
273
631
446
492
468
302
937
936
825
756
29
201
253
992
313
494
944
571
578
60
230
207
697
395
737
271
495
17
719
417
410
289
662
49
949
439
284
249
276
877
313
86
53
392
135
267
564
558
647
931
816
566
651
685
68
533
389
717
60
819
282
730
31
816
676
979
622
677
905
260
344
100
428
847
175
933
59
431
374
902
230
400
153
774
581
119
647
884
371
945
162
321
564
186
172
86
625
726
464
287
941
846
505
156
98
454
576
412
747
223
375
270
373
666
689
81
25
752
796
614
546
924
54
925
778
754
142
798
347
284
626
191
992
346
584
348
374
43
7
862
660
324
868
844
767
973
879
38
58
265
736
27
971
642
141
171
508
565
101
793
57
215
328
471
145
131
384
148
780
157
106
76
761
291
412
518
481
460
954
633
833
246
703
626
744
748
307
292
615
783
72
755
85
445
588
308
97
761
894
150
901
83
536
68
6
605
170
584
850
603
720
430
563
693
633
872
984
346
569
280
237
425
680
418
42
215
795
870
622
499
126
460
27
785
799
91
630
545
227
835
176
784
654
394
204
264
271
314
934
164
137
81
416
689
653
547
375
983
289
394
107
500
952
758
349
876
869
46
765
546
733
990
896
407
459
400
732
301
805
449
758
833
179
282
82
265
492
607
490
853
893
273
346
603
911
389
306
377
730
618
513
582
618
488
321
565
504
70
785
612
244
107
557
618
977
224
791
498
342
922
945
594
343
260
2
734
30
514
204
414
712
534
418
782
176
823
985
450
726
754
169
681
142
328
475
361
20
826
739
868
556
494
862
612
247
701
421
561
144
972
76
534
815
22
562
598
534
157
892
328
745
869
674
33
747
192
160
202
526
63
260
557
273
61
246
663
248
73
718
724
551
885
239
704
819
710
884
277
695
467
466
759
10
339
565
403
461
126
885
96
507
684
848
590
430
515
342
281
907
557
808
549
995
350
572
528
335
423
819
547
76
219
575
560
764
780
625
716
456
96
930
817
607
434
725
658
758
89
749
821
265
344
204
724
350
498
92
54
337
726
172
77
182
312
525
970
547
957
89
944
860
469
628
369
969
440
463
341
981
953
2
932
429
748
402
878
688
917
736
275
946
867
716
151
920
562
324
533
750
869
970
976
983
37
90
718
820
490
711
11
731
274
872
116
776
691
876
385
978
309
57
240
986
78
974
482
962
39
504
49
160
281
787
905
291
632
362
199
67
520
838
480
669
664
407
983
675
77
441
334
962
109
792
845
988
786
273
143
904
650
655
93
887
406
19
50
116
424
711
925
992
995
831
155
184
354
578
730
151
191
0
614
314
23
617
738
118
743
256
65
891
488
292
879
409
878
368
594
347
252
432
251
354
47
5
140
928
534
970
78
572
802
799
229
782
500
764
160
305
435
540
357
564
702
894
955
130
820
32
772
655
123
431
361
52
59
509
832
440
855
495
340
56
165
859
773
332
779
340
522
57
25
864
801
9
170
399
104
342
624
490
166
248
540
413
42
181
877
755
977
581
748
319
237
747
245
712
857
759
6
231
719
641
241
910
915
806
518
256
905
454
465
967
446
621
748
856
703
448
491
873
820
618
638
841
782
915
409
607
67
294
879
538
81
44
919
636
83
50
47
754
718
443
799
441
111
926
991
545
995
201
293
912
851
905
14
642
389
654
144
119
341
743
720
857
201
492
426
749
183
299
340
287
940
100
295
274
238
168
821
76
352
83
197
570
578
811
432
873
184
992
992
572
724
105
951
503
621
123
275
55
918
483
777
257
64
499
788
72
146
561
717
490
476
490
993
524
893
9
452
913
951
903
634
403
402
950
602
937
561
330
738
71
549
221
843
512
890
60
458
989
182
71
650
457
350
458
285
321
813
445
895
337
715
918
125
746
917
839
258
695
36
434
349
327
811
646
513
903
227
328
201
336
102
10
852
425
607
2
163
688
602
849
651
679
276
374
808
579
246
722
551
570
274
298
934
107
353
782
601
819
153
757
333
604
423
578
545
267
984
925
572
316
990
61
648
368
908
94
180
606
855
96
41
456
504
767
56
843
317
160
492
67
802
628
265
283
505
812
452
347
671
187
147
468
101
912
540
408
416
284
38
730
731
285
852
737
602
811
352
655
355
641
426
38
121
600
727
263
285
672
696
352
472
14
864
122
579
634
797
290
510
732
619
493
22
512
409
32
823
431
287
494
799
255
79
47
797
956
624
905
457
578
834
17
983
872
649
735
430
836
825
273
115
354
868
529
809
438
270
149
586
118
504
3
691
144
69
47
852
682
396
180
279
901
262
957
675
145
313
209
640
852
894
883
28
928
334
431
955
74
137
798
666
605
395
836
692
157
677
928
255
392
664
333
8
795
581
96
371
140
934
882
353
249
145
998
331
387
665
435
999
451
854
734
17
391
16
211
758
109
951
475
694
216
901
888
237
547
17
187
436
139
325
346
532
451
16
319
175
889
902
87
967
150
944
645
462
968
632
382
493
187
133
220
959
681
773
44
42
653
783
199
212
305
313
992
661
633
96
627
345
385
924
887
908
109
265
400
927
454
21
382
194
96
339
507
550
921
782
836
820
507
305
369
692
838
425
977
255
887
668
900
766
767
435
265
274
9
771
566
541
842
119
957
233
90
955
958
282
720
918
871
938
486
350
116
385
444
265
752
430
454
801
392
675
985
959
512
773
501
288
173
682
907
975
840
101
880
128
717
50
422
582
671
222
44
106
639
56
756
65
752
613
835
708
790
930
622
681
188
682
710
941
565
607
140
187
780
895
109
649
13
300
281
980
625
222
413
722
37
113
511
350
491
425
480
477
286
642
478
469
58
320
998
278
38
642
550
58
921
657
169
716
287
948
872
0
229
204
700
691
837
266
778
333
165
803
245
912
543
782
8
55
825
836
831
683
289
210
755
415
946
635
672
952
470
34
9
413
532
447
576
636
88
38
654
682
918
509
70
836
479
809
888
24
836
404
805
804
734
197
596
693
89
616
53
360
753
242
928
970
344
681
713
595
470
562
285
544
890
305
953
179
750
53
128
293
860
84
542
614
223
39
228
440
947
617
689
108
299
340
142
330
65
122
152
704
929
399
793
25
886
378
656
348
669
709
966
288
800
401
293
417
637
583
954
391
955
617
305
973
471
181
827
39
783
666
943
914
521
957
990
199
908
386
477
553
988
390
725
465
630
19
533
895
753
375
248
930
731
182
319
60
729
880
469
747
767
853
31
938
810
961
616
736
336
174
20
672
346
645
458
635
624
489
36
229
230
312
511
620
255
787
600
860
644
215
388
886
501
922
463
276
295
423
214
688
0
900
150
801
305
881
152
84
22
221
387
104
705
939
522
770
906
225
74
825
666
208
744
112
359
652
684
165
906
779
589
705
81
796
819
12
124
995
257
969
160
740
638
492
367
925
895
133
513
356
515
921
116
959
792
324
951
546
564
829
706
495
110
125
739
514
382
772
686
718
639
241
685
324
285
497
959
272
542
868
758
744
565
772
228
71
889
436
425
724
479
815
701
334
594
641
828
54
260
457
533
376
76
252
429
546
863
779
361
306
594
360
152
293
611
173
875
290
219
890
970
347
137
270
436
545
93
312
344
746
861
298
936
721
733
122
877
915
832
109
869
674
356
881
321
976
194
774
779
98
492
546
996
390
735
455
434
834
200
699
448
475
676
674
68
739
299
518
719
603
993
890
288
427
807
708
336
547
433
978
364
82
895
532
333
890
20
881
513
737
418
574
159
339
893
297
403
764
546
156
748
620
136
246
90
267
423
139
982
659
84
77
673
260
541
648
766
478
773
428
417
290
507
676
140
988
352
55
145
985
678
407
945
647
532
631
179
907
866
793
898
305
267
278
160
11
533
407
531
680
731
443
30
458
739
643
97
400
287
697
843
907
488
900
789
963
973
668
737
466
679
427
166
743
55
57
637
116
101
726
295
173
665
859
651
371
510
704
699
528
2
902
926
566
990
541
167
877
962
510
44
254
497
697
458
20
447
151
394
965
382
956
925
309
209
617
878
239
640
572
829
181
636
244
237
742
159
206
215
283
806
430
317
629
865
430
283
334
861
873
17
502
284
991
382
120
618
248
429
61
72
783
881
461
269
828
148
488
688
289
643
213
51
620
647
562
447
686
973
64
973
73
795
37
15
654
430
503
781
851
788
717
806
304
426
921
91
849
193
603
511
665
118
568
290
972
575
770
944
352
73
959
347
476
112
809
635
54
443
60
729
711
913
446
2
992
832
403
977
809
193
663
447
628
247
920
310
638
404
115
299
17
452
256
57
925
557
794
376
447
836
268
489
558
865
619
599
210
478
578
605
207
742
577
376
649
938
407
31
189
377
539
825
640
976
172
647
676
236
339
510
62
80
148
711
166
678
900
285
340
213
647
322
143
396
346
769
248
557
492
795
89
347
892
807
486
483
99
539
580
147
880
647
847
914
41
193
792
657
700
464
711
544
450
732
752
476
862
363
319
671
639
800
278
874
880
85
355
485
439
363
606
579
676
812
595
525
113
36
458
115
747
169
456
229
14
158
512
43
898
830
736
715
521
535
535
10
237
782
887
226
804
651
440
66
634
946
707
46
619
22
407
649
60
875
501
610
698
943
360
476
926
500
733
753
244
549
804
247
418
192
932
278
902
924
593
574
295
666
169
389
548
901
729
432
471
220
125
832
249
752
378
501
829
532
499
707
708
443
610
11
744
701
252
974
283
452
893
77
261
514
832
724
883
40
451
719
741
474
568
352
522
652
156
878
176
835
171
302
263
598
847
343
903
57
16
510
258
265
405
289
945
332
552
919
456
101
269
103
246
842
848
38
404
804
847
183
15
66
205
222
194
372
445
805
899
645
143
269
802
926
405
328
216
459
161
138
684
19
351
155
466
630
89
532
526
824
885
521
77
745
639
984
3
148
144
353
180
481
6
54
449
687
175
52
534
401
535
999
493
792
595
174
57
70
487
953
52
362
20
611
538
820
731
865
241
844
24
440
738
761
312
890
117
732
297
930
674
91
399
426
577
338
908
712
380
630
903
199
589
443
62
101
471
144
868
270
849
579
258
929
993
876
20
984
894
201
502
567
412
499
450
247
445
750
467
309
878
379
192
292
495
862
293
684
656
319
232
390
778
237
322
971
619
946
729
347
66
194
287
790
492
7
128
866
939
771
638
363
881
786
684
581
47
624
967
990
820
42
299
810
352
486
146
587
546
497
510
335
532
618
859
622
465
291
508
15
636
974
424
455
501
484
781
804
603
451
603
402
689
697
929
822
685
626
439
321
367
557
225
63
18
930
678
299
835
192
724
177
540
81
532
698
81
664
246
190
513
767
617
341
303
142
853
128
141
163
376
927
936
52
114
330
501
279
991
699
954
51
732
482
743
907
414
305
6
856
382
966
100
900
556
919
337
26
299
748
74
77
485
388
342
210
658
822
592
975
149
902
27
200
330
139
858
358
827
641
351
648
759
506
226
968
302
355
836
911
684
997
474
139
558
159
879
591
185
839
999
925
846
299
248
163
730
551
449
897
732
841
75
578
285
173
467
531
587
988
597
757
955
371
729
571
851
326
792
729
824
22
679
584
765
783
693
33
384
443
477
84
332
838
533
75
956
144
118
597
930
467
766
723
25
403
843
686
750
586
658
994
977
946
954
504
961
881
722
23
73
354
238
241
404
429
848
253
919
319
134
807
489
830
902
873
367
10
899
606
112
402
86
649
250
253
222
447
594
420
419
290
679
572
769
676
925
53
315
546
221
208
175
131
778
310
667
530
486
96
751
581
131
347
664
376
771
803
69
254
127
683
733
825
693
660
10
931
807
219
976
693
840
343
458
574
298
1
380
302
344
347
600
539
482
344
6
356
257
800
71
192
889
691
139
53
1
563
592
637
965
583
255
444
442
630
19
138
570
380
359
285
626
375
875
10
962
570
470
865
711
668
491
879
999
589
254
776
785
10
627
104
34
97
725
954
247
806
123
939
857
217
995
844
514
60
532
709
177
94
617
801
669
57
106
188
202
253
546
46
806
242
850
801
66
36
722
80
436
210
314
575
394
6
83
160
792
808
553
812
139
135
29
53
469
673
302
2
10
136
563
675
443
918
143
606
894
168
773
701
100
313
234
831
67
54
281
214
505
638
954
353
869
326
33
92
252
966
373
279
674
873
888
725
495
656
401
402
633
304
365
885
149
534
158
351
576
183
642
926
958
97
947
664
288
132
266
419
508
904
17
358
281
983
237
518
430
239
829
211
28
182
84
821
167
458
434
658
742
772
441
898
386
841
788
492
5
229
701
110
762
993
55
144
793
664
249
765
578
728
684
52
265
172
462
450
864
213
745
753
654
575
957
52
369
874
510
364
30
841
225
407
852
555
905
263
794
228
279
591
892
368
956
835
721
300
687
315
483
77
370
533
736
293
36
331
32
328
110
191
802
740
117
24
194
810
81
591
86
297
385
255
917
354
918
351
835
112
541
716
274
816
658
919
992
486
650
263
0
640
929
180
352
178
834
459
105
838
721
461
459
94
220
802
821
453
768
641
618
686
269
810
234
131
430
902
454
154
27
563
476
521
880
792
268
582
782
661
854
481
609
432
697
418
703
773
293
148
924
749
898
376
219
97
932
806
899
9
712
941
823
194
957
891
910
329
658
104
861
817
542
24
791
543
387
749
265
401
310
822
781
112
312
830
496
502
967
779
702
611
843
37
665
226
965
393
473
323
517
729
173
391
711
17
873
162
266
46
335
539
730
14
269
980
53
623
491
315
224
410
12
17
137
503
614
649
845
293
210
970
148
205
933
92
55
96
985
25
250
767
882
741
66
444
970
252
602
684
148
865
696
532
800
63
77
877
916
803
568
537
249
329
611
340
434
257
39
989
758
925
159
872
20
542
478
877
925
361
238
829
369
305
843
949
497
213
354
988
814
96
33
598
121
620
2
359
77
231
992
891
701
644
134
450
827
615
179
839
706
720
11
120
88
895
308
390
37
610
651
151
664
714
882
219
341
158
23
12
853
969
360
221
663
643
338
562
7
908
828
252
588
476
129
360
508
151
883
924
160
394
72
191
737
435
805
916
128
554
349
824
688
434
333
584
972
639
792
917
537
976
654
468
715
999
649
748
815
166
841
10
247
831
564
766
793
418
408
171
801
872
999
871
890
411
589
700
182
55
131
237
412
459
759
313
109
751
475
889
347
579
457
782
644
264
88
783
89
943
306
582
6
175
831
181
560
404
901
14
352
755
337
647
740
467
690
994
43
657
735
522
631
554
591
582
984
285
964
268
492
367
399
337
981
730
635
340
516
177
308
839
753
988
153
522
243
149
328
462
971
849
798
348
528
359
119
898
868
88
56
243
755
547
643
950
659
897
863
332
77
255
64
271
9
110
536
305
31
543
425
531
455
19
938
192
892
207
834
907
441
798
406
668
370
317
590
643
944
130
419
640
259
727
809
162
796
102
112
25
393
811
288
332
107
16
855
611
496
684
220
263
149
363
106
97
989
849
87
692
863
483
738
34
199
404
988
545
623
440
885
832
312
750
76
219
385
117
191
493
34
109
256
83
913
134
697
589
182
469
136
345
228
325
628
430
32
828
311
153
982
228
678
673
8
740
912
762
902
853
738
501
489
792
833
293
27
675
881
420
693
624
949
955
547
794
853
949
908
944
690
128
17
627
690
332
611
126
15
284
928
836
677
533
192
782
400
682
692
219
742
932
500
813
553
204
702
248
553
152
102
382
691
182
624
509
252
337
177
867
109
367
252
722
14
317
277
503
172
362
628
844
974
155
530
501
393
277
327
333
946
206
135
819
960
642
363
27
50
152
141
751
938
334
972
614
587
871
981
904
670
587
816
41
369
996
356
789
959
298
504
738
611
938
738
819
829
359
277
484
578
879
386
810
4
188
621
145
447
321
31
968
264
371
567
296
899
467
145
448
280
883
807
63
757
305
107
780
489
936
317
728
972
422
387
663
943
372
550
198
456
785
176
426
201
515
351
412
439
950
849
249
215
254
623
952
793
56
214
546
57
951
413
175
315
948
652
808
225
600
508
762
406
597
784
448
519
658
72
579
796
145
122
660
412
822
563
44
89
688
125
709
80
70
812
810
718
194
986
116
71
160
877
437
611
705
119
666
293
955
85
673
126
212
970
559
161
452
827
336
344
667
363
816
785
362
481
771
375
43
921
8
870
470
695
880
892
187
594
251
665
729
809
684
497
578
169
166
647
750
590
861
690
190
945
487
102
142
730
384
205
33
410
605
527
617
610
838
47
30
457
743
173
463
296
482
881
573
856
531
662
859
640
85
307
471
99
684
974
713
100
372
727
930
997
68
506
201
357
1
658
595
184
566
640
992
859
447
367
698
689
195
152
923
472
848
779
930
207
763
937
402
69
403
335
477
433
919
363
103
836
527
53
629
474
667
188
518
214
677
16
521
404
127
687
41
620
166
880
277
69
999
276
937
490
504
468
94
27
101
657
531
973
233
255
64
911
61
663
435
366
25
114
441
104
793
801
832
819
996
161
446
467
186
362
46
353
518
8
135
445
569
617
604
529
609
45
822
512
786
170
548
448
120
811
6
540
497
361
561
441
883
609
980
947
417
792
408
957
816
495
21
947
557
330
353
496
635
611
505
470
565
303
143
563
108
910
940
824
9
936
717
9
381
827
779
539
318
487
756
84
199
42
915
438
54
130
228
662
804
582
42
420
564
849
250
183
353
690
538
677
636
368
303
403
712
450
731
457
822
924
710
749
930
413
36
201
508
547
388
740
852
649
619
817
765
3
990
588
170
78
416
577
471
96
453
7
745
881
584
450
260
770
192
414
690
386
358
552
898
794
180
675
356
552
16
92
703
646
623
930
503
800
503
200
723
455
278
253
860
297
693
4
190
384
562
946
29
422
217
366
584
986
630
484
683
414
185
18
453
783
139
86
805
736
578
305
644
285
232
139
609
741
321
103
72
94
319
839
218
970
200
513
90
635
35
521
497
872
889
546
391
106
269
617
353
719
521
334
447
27
447
114
97
115
595
185
589
114
668
565
398
419
433
325
944
622
293
22
124
225
44
792
701
871
363
366
950
31
672
937
651
775
479
569
235
354
616
962
193
747
975
199
292
659
274
176
169
126
361
22
205
736
566
398
634
613
579
290
538
415
900
604
530
527
452
171
115
750
567
74
960
925
571
975
930
759
302
792
577
379
481
53
783
709
617
32
28
55
300
567
488
676
183
607
826
32
262
394
280
359
197
98
392
895
10
947
663
45
591
654
652
546
526
878
677
118
386
560
595
25
907
25
48
437
531
947
407
258
386
914
473
436
948
252
693
787
599
842
875
897
237
302
609
344
990
980
595
877
791
247
407
100
465
535
66
900
563
473
928
704
907
671
683
778
679
865
818
301
896
840
104
247
394
499
737
850
529
150
67
853
476
259
432
683
395
94
921
950
363
364
31
587
138
483
839
367
171
835
223
317
112
200
413
978
143
446
734
964
215
700
818
317
816
742
920
895
943
428
737
208
159
396
768
815
80
411
424
976
555
233
658
782
229
652
631
257
702
566
434
572
410
222
344
134
373
283
380
6
433
652
201
356
140
763
732
633
999
822
736
158
675
420
612
696
254
42
81
413
159
416
746
931
602
839
143
454
232
67
992
603
219
235
675
869
380
913
262
542
555
159
264
534
330
959
997
499
878
531
143
418
497
486
176
345
447
988
548
825
791
814
308
501
612
719
380
570
128
573
35
453
200
585
814
630
74
118
624
537
315
439
622
452
358
699
439
595
575
563
648
467
515
993
562
365
361
288
656
24
785
748
202
201
438
813
617
498
314
61
429
427
370
339
559
151
911
756
439
162
906
252
91
506
172
644
318
544
722
554
187
987
483
57
806
415
652
543
771
119
645
821
701
732
734
535
583
691
216
78
984
548
971
726
338
650
728
824
73
833
500
77
161
242
726
143
638
424
437
873
214
150
408
567
844
85
799
682
72
922
744
28
445
582
888
966
341
241
603
463
996
719
575
107
340
610
23
206
253
842
296
924
127
311
295
726
538
920
765
118
636
535
959
713
476
712
732
528
394
130
524
511
506
605
292
832
622
432
48
425
802
348
321
444
406
258
39
150
555
950
623
409
622
669
328
167
359
632
893
9
231
808
460
654
574
769
717
267
66
739
49
562
921
547
297
478
913
696
498
933
724
430
271
155
973
36
141
447
869
338
285
336
100
779
357
314
263
952
990
706
373
667
108
104
886
823
561
540
132
739
816
197
714
144
892
194
784
226
642
476
972
851
571
197
481
669
385
817
246
307
566
922
924
210
638
92
99
800
603
762
817
798
148
667
532
286
753
70
64
611
889
796
333
15
792
418
350
676
610
158
696
59
388
410
509
783
668
617
873
115
310
308
813
460
88
612
268
414
524
270
813
568
333
681
413
511
569
855
757
344
113
248
799
127
366
374
352
2
216
616
82
599
665
644
885
483
882
591
55
900
327
237
653
964
304
736
230
270
654
426
898
743
603
502
279
0
385
938
444
534
817
474
107
719
787
126
617
346
626
540
102
273
481
179
535
241
27
243
394
447
966
31
368
525
196
459
717
529
944
708
389
991
117
617
812
868
353
34
515
564
512
534
892
524
530
831
803
687
353
428
307
787
638
182
935
957
368
21
106
610
541
155
871
686
938
400
122
551
807
120
522
490
968
177
758
20
730
974
166
391
727
960
839
801
135
44
654
447
844
617
62
173
428
310
94
494
851
807
600
818
531
668
142
764
955
915
812
269
321
204
969
533
824
113
284
941
516
875
510
957
469
75
115
288
832
414
445
192
421
732
356
617
757
384
458
726
414
488
255
275
328
683
106
740
476
147
920
953
363
734
816
144
422
188
257
6
557
470
564
673
952
713
47
573
939
999
430
658
837
593
422
556
553
697
935
246
30
513
22
107
338
141
592
269
617
66
829
954
36
319
24
979
597
190
730
535
842
602
655
984
321
265
658
405
313
20
642
836
102
73
516
424
12
983
805
893
408
853
294
130
856
409
676
67
978
275
664
819
208
462
814
869
53
444
992
506
76
994
875
986
383
249
239
354
224
12
403
294
849
899
518
384
796
564
196
616
54
846
556
306
925
208
556
193
69
761
612
523
50
388
950
8
79
708
278
980
126
577
155
52
941
106
804
784
933
356
635
371
775
963
842
927
30
175
664
24
79
116
981
641
869
351
434
174
779
946
257
707
260
448
771
386
4
134
167
485
361
70
69
851
186
729
676
370
486
872
378
37
261
325
237
509
266
338
63
917
973
394
564
45
905
995
65
571
604
273
380
959
520
148
209
379
14
878
396
461
329
901
426
969
894
786
73
414
626
696
641
295
9
7
145
660
741
56
229
585
65
859
472
482
30
509
461
311
295
655
919
417
197
196
108
476
997
500
260
285
411
795
145
675
98
809
34
104
882
907
725
256
169
302
359
346
816
86
982
187
388
579
672
779
217
994
472
603
115
851
756
583
183
889
901
708
770
986
877
318
334
109
765
241
303
0
405
962
803
568
81
196
724
449
455
430
729
453
605
570
660
909
503
206
599
935
609
274
48
241
932
202
871
791
823
834
356
887
522
773
937
878
992
853
748
478
495
165
11
477
640
523
293
288
593
222
803
303
542
222
252
183
0
459
657
169
880
116
406
543
368
581
848
661
936
614
990
880
910
872
395
709
231
559
281
465
500
775
177
231
843
80
613
79
409
265
220
248
664
925
210
449
345
232
93
771
163
993
184
685
573
452
435
229
494
193
612
410
557
237
634
640
75
132
979
62
5
251
632
563
309
777
479
181
459
174
201
700
496
771
365
618
972
12
27
624
158
930
895
503
161
210
228
975
273
329
202
638
454
784
510
866
145
701
742
200
929
364
698
896
231
972
390
788
438
786
419
44
257
991
595
305
416
286
298
847
438
995
360
849
200
271
603
882
151
151
845
241
604
639
720
660
303
147
607
640
470
610
344
134
723
356
714
477
315
989
741
742
41
793
169
786
801
764
595
260
747
8
317
339
442
300
361
340
934
12
530
385
542
942
118
876
437
835
553
19
123
342
350
35
614
61
403
216
315
766
247
615
833
442
10
391
576
962
734
754
195
103
464
954
227
88
651
724
181
657
172
764
399
991
104
870
754
382
627
734
370
219
841
478
816
171
41
182
415
699
487
943
875
798
572
411
503
836
884
881
584
651
143
697
433
412
714
151
494
956
278
65
148
706
37
252
746
751
935
456
289
909
835
587
991
363
720
463
701
543
23
149
745
624
598
195
837
264
832
371
61
816
980
894
116
487
933
656
990
286
521
906
80
272
605
987
9
594
105
60
315
69
954
166
709
285
915
558
232
718
796
64
185
23
193
460
787
493
719
790
816
128
942
432
549
195
88
594
820
336
424
64
620
343
61
281
108
778
248
695
525
409
293
30
916
890
565
355
211
826
352
751
117
12
560
637
889
264
573
688
470
121
52
439
988
850
825
853
972
145
852
283
770
394
160
703
997
947
271
516
327
154
851
834
929
323
922
566
381
636
747
89
709
12
804
728
761
556
206
757
842
974
775
338
318
546
697
356
514
787
689
587
875
279
476
219
168
889
79
416
96
711
369
387
177
163
743
819
51
498
50
533
768
410
774
709
618
691
171
67
377
810
953
742
560
149
13
839
725
854
784
173
654
280
771
923
481
144
512
560
588
256
238
703
439
813
85
487
122
919
796
49
400
422
682
502
187
231
742
72
848
742
513
700
292
769
767
428
32
339
952
969
996
488
307
489
730
678
822
356
676
619
415
88
853
366
245
706
26
157
678
378
291
510
281
840
431
800
33
503
996
101
26
840
467
960
739
719
257
372
263
884
130
249
75
312
885
383
104
954
674
521
399
747
679
495
542
216
524
247
744
241
277
419
989
645
743
916
443
903
609
296
417
89
856
611
827
162
753
987
833
762
198
594
593
669
381
654
818
37
625
793
339
628
802
921
921
261
759
426
636
782
334
448
558
675
835
50
556
328
58
158
213
279
13
336
544
928
758
876
749
385
865
618
635
840
835
572
777
649
329
856
144
94
207
218
41
343
561
538
121
199
767
401
349
769
568
129
599
571
918
238
552
960
873
663
247
641
666
350
243
980
121
738
918
444
871
524
267
160
639
948
611
790
474
337
133
951
603
262
151
333
248
970
46
414
917
835
519
103
952
327
448
976
151
760
495
24
297
546
447
581
474
476
570
473
261
816
769
612
563
400
466
908
780
168
644
135
857
96
607
660
295
439
662
121
546
910
870
233
499
536
670
202
135
690
787
289
237
819
883
160
870
64
439
727
446
174
874
557
312
341
612
805
747
851
145
692
214
444
800
570
77
67
516
463
167
802
43
641
515
2
805
118
141
967
307
652
253
940
670
593
729
910
146
528
803
432
75
752
137
18
82
569
372
623
226
837
175
832
787
329
565
350
231
725
196
901
793
845
879
698
475
720
89
739
390
86
152
392
420
957
598
645
437
986
407
610
394
710
944
442
616
287
75
464
255
774
97
833
229
196
123
297
60
685
935
268
920
788
573
456
519
686
647
393
532
674
493
213
118
331
535
259
627
987
582
105
404
875
913
717
758
684
730
183
144
798
139
375
49
993
202
154
44
384
396
391
259
479
764
181
299
186
853
269
113
1
374
67
667
143
889
201
2
980
563
512
587
172
407
318
399
570
355
818
649
959
685
131
51
363
930
820
843
126
23
387
588
765
20
9
727
587
285
786
786
228
876
497
138
944
720
579
906
593
374
155
11
881
204
10
967
960
489
445
122
835
938
119
723
638
905
662
996
434
979
849
582
422
638
78
80
543
584
283
579
713
678
212
198
404
351
958
281
464
376
860
47
83
163
367
208
370
332
254
289
446
77
355
203
285
35
0
776
329
884
219
123
363
410
783
356
869
822
9
401
992
954
290
103
441
253
676
56
567
309
570
255
349
11
874
831
459
339
100
353
716
632
887
971
936
345
250
21
664
621
245
453
762
695
263
669
515
8
715
57
796
835
654
351
352
233
908
64
671
219
240
779
779
922
894
100
858
219
420
266
414
344
669
963
620
322
665
571
589
271
885
456
628
992
621
505
405
165
453
617
117
770
772
817
688
805
369
616
701
456
265
912
900
887
306
595
613
530
384
241
589
927
432
684
776
153
851
315
419
686
316
455
40
634
288
979
463
529
907
494
428
506
445
542
926
406
948
546
694
130
858
669
747
382
598
269
729
806
566
251
995
154
610
623
304
854
977
697
121
226
263
525
717
846
807
917
475
843
110
62
692
297
621
50
271
985
935
279
951
196
635
435
893
884
739
47
660
290
859
348
749
972
410
971
101
825
619
968
909
773
378
915
539
914
305
450
158
141
707
468
870
756
532
552
144
563
715
884
573
398
569
250
590
145
80
10
442
614
19
797
695
376
475
770
741
793
640
38
893
563
131
864
365
49
172
899
203
119
143
514
292
88
236
766
199
324
724
128
195
846
717
564
693
674
686
805
724
756
730
814
21
450
27
545
356
627
411
575
332
771
841
966
917
835
975
528
256
65
506
374
456
638
926
713
457
186
217
215
891
652
121
51
704
162
670
95
267
399
676
240
264
587
848
692
962
872
308
764
817
271
17
747
327
714
981
1
241
103
813
30
225
150
670
330
838
7
917
710
888
591
509
124
38
322
676
801
628
958
708
757
319
163
377
251
905
45
42
559
533
905
497
633
402
829
84
608
235
888
232
358
519
519
243
356
658
917
214
767
892
773
117
989
289
855
547
94
394
18
51
758
260
745
220
855
109
151
865
583
450
305
156
313
759
56
576
724
820
473
722
916
946
777
951
68
67
286
236
187
366
144
300
145
589
795
242
591
66
633
664
690
485
958
737
981
120
266
305
943
478
578
560
235
344
870
386
817
944
380
577
637
565
582
85
703
331
709
576
487
456
969
748
557
783
880
460
714
270
348
955
532
272
847
646
520
553
126
574
173
490
579
491
423
839
32
679
312
237
498
442
194
904
99
746
895
500
546
91
627
265
297
278
999
578
977
293
795
528
176
218
309
144
556
114
398
28
540
705
601
700
817
742
333
747
205
861
134
790
769
413
143
254
967
898
560
379
381
820
533
820
74
503
934
558
922
953
264
127
187
438
977
841
257
951
722
880
145
716
114
573
245
465
102
353
584
878
36
586
950
512
421
584
948
750
38
816
563
351
991
565
705
166
215
133
536
499
30
507
977
953
102
709
470
91
58
939
759
944
638
226
88
805
722
781
933
783
280
8
719
692
619
876
291
970
363
656
371
815
707
874
42
514
797
663
17
893
677
666
806
738
59
626
509
971
206
297
732
709
520
578
40
719
529
678
802
796
468
518
762
691
877
237
392
740
177
491
417
115
778
290
94
20
62
249
19
408
849
802
2
720
333
180
989
367
520
805
969
697
792
24
358
393
706
17
131
45
645
899
632
496
725
922
446
790
792
851
704
422
711
961
525
520
771
450
787
288
715
308
745
769
103
768
643
455
317
257
753
519
957
387
485
193
554
506
916
189
755
796
487
129
355
743
179
161
516
60
888
644
171
171
723
106
999
235
707
131
232
475
133
398
459
736
318
357
542
681
230
202
492
419
185
801
198
394
210
267
626
138
696
577
464
475
737
328
963
649
466
430
937
419
843
734
103
945
154
995
571
638
858
810
604
309
345
473
265
159
219
571
146
160
709
889
543
498
147
24
833
598
975
489
444
367
54
490
924
404
605
254
18
740
502
248
749
21
30
389
466
250
530
552
314
560
913
558
423
845
369
83
167
555
836
439
198
88
619
24
591
883
391
100
249
879
630
838
360
974
253
115
562
360
907
725
18
78
743
207
600
701
10
227
617
836
259
841
388
821
386
93
191
371
430
904
222
184
464
125
869
478
107
704
421
316
873
522
395
950
609
972
800
93
494
376
541
647
884
492
323
13
839
27
951
835
96
272
665
38
399
66
129
160
54
673
304
168
892
546
831
863
903
517
690
99
559
16
81
56
157
350
621
952
626
901
470
396
726
916
156
688
518
264
231
921
477
291
338
878
509
844
492
936
803
938
855
977
929
73
79
49
664
350
449
380
813
606
126
846
394
292
699
128
986
753
808
378
756
18
407
951
380
736
815
428
2
612
913
218
769
458
797
934
714
935
157
946
989
977
709
722
255
98
215
919
266
618
521
63
68
143
804
227
196
245
120
298
657
486
22
335
704
103
556
859
765
962
204
689
396
566
798
388
988
387
783
112
35
362
951
902
12
77
606
803
770
325
117
856
676
679
510
952
205
380
224
20
103
451
760
335
588
901
463
895
490
162
526
342
117
265
62
405
700
162
482
306
460
44
48
523
367
331
860
168
720
346
98
834
776
907
707
599
187
949
674
2
269
142
821
661
960
697
164
268
274
798
973
928
361
130
911
452
586
529
354
424
308
230
924
11
294
60
717
903
345
174
989
393
661
270
396
697
126
469
34
981
945
349
357
652
286
761
874
787
881
587
671
179
460
241
930
38
33
916
492
891
159
341
77
907
727
705
492
822
168
533
404
817
843
934
927
936
716
787
130
700
678
604
418
106
361
981
798
163
689
455
269
764
243
493
852
404
239
753
242
408
528
783
356
746
258
264
211
70
39
926
422
6
122
782
613
174
754
208
914
442
719
809
331
217
501
70
829
827
117
434
932
160
659
206
964
234
681
131
545
898
181
20
456
392
327
810
786
800
999
272
948
13
987
54
8
247
498
616
34
499
730
342
487
461
967
96
515
700
835
729
903
967
216
923
634
783
103
847
931
366
812
792
623
574
653
897
776
331
696
516
473
873
3
152
436
518
828
585
344
503
319
38
14
823
833
593
256
941
309
950
113
538
863
34
352
151
682
529
35
560
428
648
264
210
40
949
275
463
936
294
248
844
482
531
567
586
254
781
154
597
240
943
585
190
750
554
423
601
253
359
618
22
573
916
894
630
465
753
795
704
696
910
949
664
376
234
838
416
242
423
35
1
358
273
762
922
8
382
861
291
420
961
403
677
26
102
588
449
137
765
948
919
930
144
572
808
890
218
178
284
612
185
484
690
430
119
992
316
162
766
162
538
949
270
445
362
810
799
780
790
513
67
208
203
538
984
599
67
926
640
839
39
479
832
66
10
41
466
450
344
44
616
837
459
227
425
137
730
414
225
972
79
611
754
564
772
48
671
521
466
624
547
118
928
327
354
346
834
527
364
690
114
684
500
224
329
533
245
749
90
181
329
390
612
345
149
642
737
80
809
973
896
264
783
358
875
854
422
839
948
221
808
543
198
976
656
412
773
581
715
929
61
353
726
429
967
607
761
906
96
704
774
581
631
954
925
457
262
665
808
210
145
438
131
266
478
332
930
693
117
423
426
992
701
507
757
311
481
988
831
444
661
43
81
890
429
99
392
613
592
954
311
772
759
12
673
254
278
988
443
995
760
840
63
917
62
647
536
386
831
696
559
161
418
935
82
538
519
597
255
598
178
144
166
832
96
994
554
240
334
688
953
521
56
87
662
518
573
409
660
980
599
767
897
654
696
592
150
114
659
418
385
851
208
938
219
154
50
668
808
613
59
617
313
538
74
172
539
290
924
769
862
680
991
148
622
672
676
361
797
707
770
0
29
969
307
597
464
893
808
691
52
768
107
298
397
529
940
292
919
293
311
739
587
606
310
539
443
371
465
171
870
916
783
324
819
129
468
301
427
76
422
547
994
314
396
283
737
566
22
606
320
717
449
651
834
559
39
350
381
398
150
649
170
503
996
154
354
583
650
727
861
891
79
440
25
894
280
348
187
200
814
413
966
481
954
792
531
632
701
599
233
522
936
48
738
686
865
792
303
929
379
459
276
89
854
280
731
741
188
761
60
828
146
308
118
66
153
387
905
42
938
119
966
763
467
448
546
592
491
584
796
781
452
615
916
915
631
375
377
18
124
64
706
751
106
116
2
130
225
622
236
256
824
831
429
853
509
797
295
685
149
932
360
49
98
40
795
640
506
508
997
359
858
531
885
13
954
787
902
948
351
688
503
654
711
660
349
398
347
696
605
279
449
808
826
693
967
628
689
756
695
154
321
564
267
66
544
830
262
491
558
375
183
738
175
633
137
737
568
894
187
289
835
109
536
218
757
761
226
523
914
155
972
398
386
456
564
805
22
908
485
162
221
659
189
799
264
39
94
4
399
408
403
589
546
740
118
199
541
961
50
74
221
602
539
853
943
321
890
869
939
56
954
232
701
284
757
550
542
297
209
648
840
809
669
563
664
168
792
225
15
405
876
409
484
289
384
118
692
217
729
850
48
238
2
317
488
169
236
513
153
438
400
140
343
397
805
864
715
272
601
63
473
999
2
356
598
521
744
840
25
81
331
877
116
284
763
543
446
264
640
470
902
144
208
409
982
96
194
165
911
705
921
639
657
987
789
214
104
630
955
151
751
490
183
480
361
943
258
581
149
50
754
885
354
913
684
302
590
695
154
273
122
327
356
557
410
272
164
333
175
194
839
518
806
660
843
474
389
691
507
761
307
627
579
464
0
761
715
962
0
406
819
738
237
614
110
133
4
750
20
756
77
217
51
982
493
108
245
453
376
501
338
247
978
561
462
253
642
575
822
284
51
751
616
666
910
804
228
900
74
907
325
631
940
329
917
725
785
571
786
764
215
635
861
734
144
608
485
490
81
645
465
797
846
279
264
622
702
623
232
102
59
273
250
31
968
150
656
343
480
915
572
97
232
814
306
638
879
902
23
106
205
396
458
962
866
218
475
547
773
599
151
867
774
662
259
175
794
830
597
18
678
169
211
240
307
233
139
289
557
996
754
300
301
435
175
342
152
895
981
851
594
937
735
232
728
878
598
14
868
514
660
429
320
19
864
25
407
69
326
493
981
439
450
2
77
956
135
156
223
154
471
262
41
905
119
927
742
366
821
737
607
492
695
185
769
122
984
460
900
768
935
522
390
878
0
622
327
572
905
964
191
712
197
748
686
348
7
740
244
121
546
690
817
144
357
55
799
953
680
553
197
543
741
405
214
860
590
141
982
21
841
919
17
681
218
838
310
722
109
76
162
27
151
165
465
594
25
537
594
216
93
382
63
337
3
933
994
808
253
397
164
113
258
75
421
119
165
158
774
201
623
94
502
466
412
476
710
745
957
687
916
798
595
302
264
621
415
446
856
984
773
249
645
855
862
299
737
883
255
654
67
552
960
150
707
215
306
929
813
709
346
817
443
530
112
47
36
627
857
22
290
479
760
169
975
736
426
529
711
348
329
51
959
360
566
550
919
562
70
829
139
553
274
174
826
257
388
468
713
718
591
723
472
582
637
668
2
602
47
15
499
149
574
252
526
226
154
63
543
436
410
80
127
743
774
405
390
214
836
28
579
931
571
784
771
297
180
795
712
728
260
326
796
165
661
777
235
693
738
378
52
987
249
823
203
158
679
321
585
783
563
183
694
442
239
453
339
514
251
843
778
709
557
717
610
238
280
126
588
730
583
208
769
660
442
125
425
865
152
876
275
382
785
542
637
302
636
63
606
92
838
793
210
620
558
870
210
826
975
464
32
959
634
448
318
162
619
942
646
418
564
843
395
805
234
941
270
762
471
11
555
287
480
448
437
151
38
520
591
495
329
124
266
34
781
459
29
363
6
845
195
721
788
966
976
803
5
652
571
486
96
381
