856
755
356
753
784
95
444
835
931
352
665
11
605
659
810
884
50
563
534
470
294
561
473
881
931
906
85
580
368
504
924
891
217
667
512
919
943
726
635
738
485
465
381
41
778
854
485
656
202
27
887
755
829
328
758
194
823
568
84
480
880
167
381
930
688
24
882
672
587
645
987
488
811
512
418
194
133
368
28
777
4
754
1
352
206
119
525
666
727
929
526
492
466
902
816
554
989
593
261
457
465
973
684
882
55
957
420
34
980
23
300
90
210
994
877
700
511
315
752
465
957
657
413
472
425
582
314
893
13
180
77
97
473
398
161
372
451
655
92
398
584
207
44
901
454
496
991
185
45
761
231
784
107
30
804
467
677
501
138
177
590
540
971
823
108
498
83
135
558
34
646
984
939
228
972
261
160
105
857
396
805
894
962
149
299
100
799
899
205
382
542
717
263
142
392
560
201
848
89
561
316
525
562
367
961
4
299
379
971
612
358
94
528
970
694
4
841
880
464
577
846
129
201
441
515
188
300
591
600
142
329
400
778
224
769
869
549
109
376
698
798
47
413
711
894
155
905
847
969
996
99
655
963
832
122
311
311
204
926
506
957
968
238
651
620
939
466
284
791
268
993
947
940
670
807
541
595
776
278
584
738
867
87
293
104
486
310
347
28
268
817
57
299
360
536
980
472
485
546
913
407
840
936
893
355
51
452
34
225
515
61
168
520
240
457
620
898
214
502
119
785
467
77
947
46
558
196
788
179
51
915
529
215
892
16
368
930
559
672
93
767
436
727
179
441
149
228
698
933
765
385
197
788
707
922
414
73
473
575
49
913
181
161
810
458
269
887
656
813
11
226
965
749
588
310
214
613
760
679
32
581
180
353
397
808
255
227
216
200
546
706
445
681
413
286
48
384
309
86
726
152
994
860
808
491
814
849
6
493
652
852
476
366
840
781
18
117
887
290
495
983
629
241
262
86
724
374
54
11
509
326
38
626
818
626
738
730
507
941
391
981
156
263
637
125
584
711
973
161
788
133
947
865
283
957
236
36
13
79
673
820
773
61
162
70
914
445
227
364
336
262
483
350
380
755
390
674
338
114
337
292
648
473
950
801
3
32
595
683
611
149
488
110
173
404
563
403
593
838
679
49
699
161
759
700
775
32
58
187
346
554
227
592
918
960
861
196
162
789
482
352
654
32
306
707
667
525
778
434
601
741
292
948
207
814
318
417
948
729
905
362
493
904
722
16
24
530
813
882
488
332
519
815
590
123
799
530
392
1
988
949
968
647
52
30
631
878
100
665
441
685
504
416
196
617
168
840
562
677
395
680
20
974
26
190
780
836
655
334
308
439
671
231
89
182
843
983
353
294
424
114
31
468
614
732
617
568
889
386
319
278
771
664
901
937
400
525
171
322
345
951
287
493
312
700
455
59
678
466
754
157
978
601
222
958
641
173
74
848
486
467
546
92
964
21
166
48
663
635
223
189
488
601
965
827
59
75
995
88
962
733
322
954
199
991
205
572
827
178
498
75
19
945
131
164
66
153
909
514
452
562
188
332
81
734
62
176
414
966
995
376
143
296
325
924
387
301
421
742
372
538
184
126
380
558
276
932
641
283
174
472
60
829
695
168
518
740
225
801
695
950
104
604
745
272
706
273
480
769
317
668
252
414
357
699
915
214
164
962
220
540
67
915
455
801
715
343
687
726
216
159
898
43
5
928
95
683
282
494
798
346
131
722
910
794
961
255
10
282
412
126
317
807
322
90
80
214
465
816
205
678
786
228
699
206
954
441
220
368
620
943
110
190
596
894
324
397
327
140
537
497
428
98
720
961
845
299
373
536
650
690
910
624
744
72
469
412
229
729
984
765
280
692
151
422
624
669
656
63
965
780
737
865
774
600
148
677
820
819
479
477
280
478
290
40
479
263
225
175
639
381
989
319
603
590
980
285
617
823
48
12
56
435
317
510
77
65
443
739
503
346
958
494
727
921
635
597
875
715
57
116
369
40
45
42
94
760
907
127
109
269
912
300
323
998
308
519
356
192
633
271
755
319
223
379
50
877
704
310
455
667
952
329
309
612
794
417
204
903
395
260
667
19
321
804
332
598
401
850
617
999
174
560
33
837
396
572
19
243
673
714
586
861
122
500
420
511
630
35
871
359
986
99
270
528
414
13
889
925
602
772
841
702
765
339
399
408
391
505
242
881
840
155
479
297
334
859
270
725
611
63
652
353
559
90
647
547
456
356
52
707
485
102
447
68
371
963
954
890
466
297
584
959
357
864
894
833
839
67
0
320
544
173
134
488
23
391
339
489
240
272
24
666
462
946
973
904
595
662
908
374
428
592
559
389
207
974
788
359
378
297
520
61
809
185
433
614
451
494
686
398
879
511
175
388
197
503
347
138
638
38
843
466
54
126
254
689
444
100
338
534
35
41
80
500
538
668
627
832
296
234
675
247
901
993
109
805
498
853
756
944
822
744
48
251
165
628
860
225
714
487
104
440
512
960
612
890
242
730
660
214
282
151
774
272
331
27
864
338
754
949
399
160
350
609
695
686
712
631
661
75
110
698
646
724
202
565
822
330
939
646
182
567
170
317
320
414
511
886
102
76
957
168
116
337
787
995
529
581
961
616
110
300
527
661
981
721
698
348
604
538
746
874
539
264
525
555
9
696
319
697
827
692
908
218
731
431
214
47
503
723
834
242
326
604
382
664
583
942
296
69
233
35
814
653
635
713
9
455
496
2
603
165
38
166
650
542
864
23
769
52
150
377
644
750
315
61
734
620
379
656
633
718
774
450
968
415
97
709
589
443
337
630
896
998
192
104
216
596
875
16
309
558
768
14
618
774
806
776
791
798
822
841
377
648
273
343
653
284
105
576
748
980
633
830
587
371
304
921
464
955
754
642
159
579
125
401
441
33
377
591
821
788
157
28
403
684
633
281
873
952
418
582
491
843
420
817
419
266
928
811
954
535
4
338
84
153
742
842
392
734
822
26
517
359
175
380
60
312
473
742
65
252
691
137
398
485
633
52
551
722
225
263
208
991
205
341
355
760
657
73
759
925
447
875
989
118
763
505
825
97
745
986
659
625
340
120
628
362
317
59
216
649
635
251
709
170
552
366
912
752
396
123
161
789
133
814
647
820
137
471
233
731
568
418
29
494
40
174
505
545
431
152
545
914
843
448
995
509
116
492
46
642
250
626
113
883
4
862
33
482
755
870
391
583
917
85
362
22
829
404
16
222
820
320
316
406
577
444
514
536
636
68
3
771
807
68
159
504
349
80
136
828
823
587
884
40
297
712
547
855
244
373
456
191
616
50
479
835
569
660
436
140
779
368
373
547
409
701
568
296
11
197
39
80
338
656
158
660
569
480
311
136
826
543
178
977
107
860
813
697
807
352
641
922
331
80
238
342
305
978
814
861
736
183
245
532
637
923
138
549
989
961
842
198
15
765
360
562
905
967
885
384
835
302
700
463
656
349
571
831
555
81
218
488
780
402
925
649
732
521
785
119
149
552
622
207
649
842
250
204
316
610
845
1
889
324
76
10
78
5
489
66
694
290
969
985
343
749
46
486
707
766
945
945
433
86
839
232
807
467
893
634
988
765
706
603
512
754
224
116
672
746
548
180
979
901
441
491
674
658
892
435
518
940
475
9
759
242
722
641
834
552
694
835
697
434
834
967
338
672
330
994
689
920
428
824
240
10
427
271
29
784
562
6
87
709
692
650
270
80
125
840
181
125
223
216
155
520
529
670
342
200
832
449
651
797
268
904
414
214
126
910
725
31
899
110
950
192
545
779
300
435
705
243
872
228
235
80
269
322
114
803
575
893
392
586
569
242
891
107
886
174
320
63
120
853
876
840
980
329
760
590
511
585
530
913
679
514
742
853
565
979
843
926
350
484
245
321
469
197
776
345
5
120
572
826
886
331
422
602
133
537
442
649
749
742
795
94
718
609
141
960
714
551
295
723
474
813
266
855
537
970
500
170
634
766
461
239
21
326
364
183
33
863
55
293
968
307
564
865
524
513
414
821
685
514
613
310
761
860
485
518
355
574
618
779
603
649
231
266
379
512
293
975
996
484
632
117
415
345
650
540
534
107
260
915
974
855
657
826
82
601
428
472
119
142
451
756
285
892
547
481
838
748
496
772
265
418
330
437
420
676
579
261
350
292
133
644
505
638
907
212
979
63
629
9
650
579
450
717
318
639
540
976
421
772
551
85
633
662
822
348
346
786
944
123
790
286
830
596
299
947
930
767
355
839
389
678
618
367
166
209
485
346
286
46
969
549
447
566
782
829
319
796
299
159
928
556
964
954
360
791
948
704
243
782
85
939
950
970
781
125
127
533
166
276
64
731
39
752
513
792
795
825
387
275
793
748
82
182
817
927
854
542
246
784
354
396
506
162
364
148
768
424
124
914
886
335
980
311
994
370
179
804
79
557
782
398
894
110
800
457
416
680
523
244
958
803
668
616
112
910
198
605
126
852
691
87
757
651
309
366
851
860
407
804
335
799
674
554
674
883
277
760
469
83
6
446
134
663
533
860
866
280
370
393
242
317
427
908
773
157
974
81
303
940
727
86
422
11
163
146
489
186
303
238
991
110
692
554
280
841
511
919
773
425
901
598
734
660
457
894
948
864
308
448
272
615
33
198
962
241
392
911
978
988
570
577
696
166
37
813
992
192
568
461
31
206
836
312
61
621
826
124
313
405
859
472
877
363
391
703
669
931
488
538
256
400
712
403
217
475
797
779
273
618
706
631
298
564
99
332
498
300
637
821
730
29
919
221
295
397
615
257
314
680
138
660
814
789
289
377
101
822
334
293
683
565
868
323
342
746
755
69
392
227
573
959
9
687
358
866
183
932
817
361
830
94
179
497
787
109
810
710
338
895
197
90
534
719
116
217
663
174
542
643
807
922
504
140
907
453
835
477
540
915
38
106
148
578
463
143
232
686
102
700
92
17
918
851
78
460
314
403
395
42
501
774
268
265
101
893
282
625
313
127
698
735
842
190
440
168
581
788
351
258
975
518
403
240
957
271
394
474
658
480
503
450
564
626
881
829
585
702
216
429
479
197
797
726
211
172
597
123
854
751
885
260
47
971
816
565
470
867
493
20
649
784
47
658
903
61
834
466
156
530
632
58
251
880
161
132
429
247
86
904
345
216
870
179
784
351
565
940
667
445
638
106
296
404
276
736
780
227
228
907
903
820
808
399
515
334
61
262
796
858
586
188
118
926
27
478
320
328
306
237
598
742
821
817
175
645
747
104
281
983
969
927
361
984
880
620
639
437
615
310
241
386
506
104
157
595
173
519
246
980
83
292
329
857
811
175
219
470
170
72
265
269
34
771
153
298
223
742
878
400
249
189
715
777
876
14
695
652
736
366
113
220
597
274
210
577
868
233
393
534
789
726
885
764
348
346
48
744
345
416
187
546
525
877
641
840
875
62
665
572
58
529
612
782
82
807
699
509
527
878
574
676
984
466
652
470
500
727
558
925
448
248
570
11
231
741
115
533
155
719
347
929
388
596
853
486
919
949
610
706
413
664
369
806
206
989
213
352
898
202
525
203
298
809
764
494
36
601
102
489
834
113
677
859
338
114
658
342
546
888
107
758
98
431
416
796
585
755
753
160
916
963
309
388
376
225
39
901
434
724
918
255
246
332
667
864
134
272
624
53
51
446
940
637
105
536
1
615
524
568
448
627
840
795
631
347
641
249
774
750
67
71
92
536
662
555
770
572
212
549
362
395
806
245
328
607
387
982
152
589
765
72
595
560
28
646
288
453
44
878
40
843
284
660
245
780
654
928
844
857
550
805
244
389
199
741
341
1
303
566
413
892
199
345
714
926
261
770
143
8
983
953
855
231
622
327
750
180
613
953
987
68
114
179
917
974
557
560
305
677
876
186
227
555
764
523
149
277
337
376
808
116
693
381
547
703
243
197
613
118
49
801
506
157
230
250
252
590
326
441
57
476
310
562
516
935
824
326
69
345
573
15
289
647
884
57
539
217
891
517
76
538
710
593
107
930
706
836
187
206
28
832
389
676
641
477
466
548
951
650
513
17
421
296
611
111
134
872
48
478
508
535
678
322
423
949
708
836
256
402
224
271
167
157
286
63
92
544
485
492
403
921
104
995
123
369
379
594
150
147
116
74
985
739
586
747
719
198
561
987
754
245
391
221
969
345
288
754
784
123
389
792
778
900
380
262
897
803
419
366
839
396
850
720
720
443
240
325
979
245
82
709
729
271
100
714
756
63
362
288
709
714
118
336
929
846
405
992
454
675
998
364
951
300
872
197
229
175
374
458
539
112
884
839
403
359
274
120
302
725
392
206
426
936
514
101
551
776
968
795
832
490
40
456
377
965
398
57
5
398
346
775
786
950
582
466
732
717
816
859
297
417
509
826
198
348
898
480
869
696
427
489
638
68
283
971
833
913
394
69
788
880
516
828
887
347
767
540
724
114
434
549
291
588
248
113
718
629
49
639
839
422
27
906
932
617
765
296
483
82
396
336
770
129
592
483
542
447
743
35
549
89
392
696
309
371
380
157
33
632
277
893
213
225
958
715
445
260
767
606
579
349
214
544
122
313
699
43
19
504
505
455
450
69
561
750
657
643
813
511
730
337
346
409
580
196
721
361
721
464
539
229
892
408
858
772
484
743
515
439
886
907
989
870
630
620
421
686
452
355
543
221
656
324
469
862
878
336
62
36
809
590
474
623
397
3
47
616
504
786
240
269
504
202
303
319
121
970
112
119
826
695
251
402
97
322
35
350
788
555
961
216
572
268
72
985
797
199
307
84
46
291
674
813
478
581
910
38
812
906
739
486
566
992
840
359
684
588
935
937
974
874
932
266
358
751
362
620
635
928
711
580
141
359
178
106
505
539
526
711
773
222
830
336
805
42
98
818
871
586
64
510
836
351
763
305
920
381
990
268
402
382
85
585
340
471
317
483
247
224
148
320
790
921
652
733
399
617
60
254
768
999
453
184
340
49
100
23
141
901
479
470
158
917
762
525
666
576
457
157
972
991
14
648
963
209
642
938
311
538
363
209
721
452
492
573
161
344
502
63
573
607
883
511
297
761
109
716
529
635
680
339
536
907
808
383
64
652
192
186
25
493
935
334
469
20
857
268
729
410
613
939
896
564
84
625
164
555
876
427
630
759
943
191
30
591
895
935
396
19
613
126
754
374
308
419
805
482
261
886
319
259
164
194
803
305
346
761
156
55
774
346
100
182
282
313
591
233
340
447
542
169
92
516
874
909
45
436
582
997
210
926
630
393
885
828
38
195
494
348
85
947
96
980
925
103
297
195
521
418
264
465
286
364
755
264
233
767
435
613
273
639
398
699
225
850
80
472
530
626
772
406
661
986
379
536
127
299
956
412
308
260
239
43
137
564
559
977
987
647
226
728
213
261
143
916
123
380
339
8
806
362
259
369
482
341
659
995
115
53
56
701
487
336
981
576
297
779
505
182
740
533
671
468
379
824
88
371
803
76
923
38
993
180
680
848
592
820
695
695
643
744
739
630
254
402
801
792
994
337
805
92
46
217
300
961
353
813
128
523
852
957
464
573
120
520
871
400
976
909
812
939
156
834
967
598
898
995
542
221
977
477
886
858
391
866
625
25
684
660
202
840
18
218
947
399
847
359
538
401
200
121
233
886
402
794
81
802
281
667
734
866
963
843
678
952
206
288
419
638
896
972
354
472
640
148
288
151
799
308
342
297
598
367
505
373
381
500
668
605
388
820
427
678
596
764
381
14
275
549
775
83
46
926
129
688
869
63
389
428
612
769
364
957
797
164
595
710
888
278
685
580
645
807
295
873
165
249
194
926
254
766
660
549
687
645
787
695
37
236
84
475
753
415
585
161
417
285
172
793
166
936
278
835
932
303
644
811
296
433
50
89
70
178
132
770
654
118
484
654
462
443
921
167
656
730
43
636
816
661
468
532
545
366
191
559
346
11
555
760
738
382
858
376
698
958
258
381
946
453
431
376
564
790
912
107
680
45
483
9
543
899
198
244
658
122
848
135
518
991
901
194
876
309
379
395
288
874
15
264
614
13
259
300
978
739
234
232
148
416
521
610
421
145
37
914
812
416
53
915
908
276
395
64
295
784
620
776
524
199
333
468
89
628
340
939
504
602
61
144
738
70
995
940
249
280
844
632
697
740
197
571
704
597
376
913
831
992
477
339
732
204
673
346
222
913
131
21
370
75
294
239
509
749
910
472
627
627
35
573
484
825
207
897
626
853
670
430
837
987
813
556
739
645
695
919
778
956
76
51
293
241
34
807
202
778
260
159
752
247
769
582
452
56
161
950
427
544
349
314
65
740
229
46
961
304
920
865
617
798
350
708
956
406
199
381
603
125
0
543
567
899
474
48
505
469
982
660
711
968
497
100
393
815
45
187
981
748
898
789
65
205
432
347
280
924
226
334
989
106
134
460
804
594
775
574
380
503
961
665
676
650
375
875
36
151
371
277
313
128
691
171
467
207
274
376
22
645
888
127
675
670
518
369
939
614
303
5
196
140
549
588
703
495
449
670
494
911
97
749
806
896
576
848
5
755
779
734
585
273
295
888
874
514
244
416
625
541
470
786
829
274
198
50
292
185
887
739
144
608
120
902
615
965
612
124
111
725
227
468
863
456
963
486
154
342
542
243
443
857
776
571
209
667
131
19
344
900
487
730
442
718
194
898
116
944
34
917
796
899
220
115
270
293
457
74
880
76
798
507
119
776
473
191
730
789
549
422
264
397
870
418
124
117
65
521
780
50
507
857
208
403
332
225
483
777
877
366
553
254
705
11
412
367
255
246
767
76
495
50
458
873
982
281
76
345
493
594
810
121
655
758
941
880
64
94
464
540
910
748
469
565
959
824
748
639
906
279
779
328
740
822
520
704
872
747
678
156
259
780
434
351
327
98
200
428
611
259
780
817
81
354
918
327
16
454
905
787
452
796
14
457
642
272
460
692
86
207
524
964
72
608
172
99
888
713
315
13
983
111
476
226
900
588
17
311
536
458
293
709
886
848
340
996
531
496
247
747
210
177
806
860
170
996
772
23
990
726
659
804
597
52
948
774
895
620
913
746
888
466
917
706
661
396
366
788
419
505
353
244
67
47
320
408
514
215
778
509
480
11
58
22
138
816
582
334
532
613
149
598
366
231
450
16
124
484
450
787
138
717
626
39
120
549
474
402
26
330
281
365
504
748
584
926
484
834
453
296
790
303
873
495
997
17
438
28
451
923
605
790
393
384
972
657
989
532
591
541
724
429
132
764
1
515
28
824
528
790
515
600
702
121
559
96
423
749
108
583
404
380
947
130
591
618
999
884
14
133
521
323
757
551
210
340
759
554
535
69
667
163
12
721
173
840
846
907
26
39
823
113
716
240
127
452
889
964
469
678
72
227
836
359
622
887
326
817
301
446
821
26
1
902
481
591
365
498
434
271
794
730
502
669
962
824
438
62
756
410
122
652
248
617
803
13
874
764
625
426
194
169
996
762
533
295
281
702
919
731
115
319
975
564
597
363
67
636
517
370
76
291
472
600
614
360
525
911
545
522
937
135
580
447
679
989
166
833
921
45
405
882
262
413
169
855
275
751
678
97
363
453
222
811
391
263
901
694
999
256
243
245
231
442
13
923
6
595
566
596
90
92
211
14
783
536
19
750
293
246
681
760
135
204
910
342
186
550
774
613
35
82
98
376
812
286
89
90
741
716
689
317
866
123
296
158
581
177
908
205
804
359
900
29
279
978
657
503
595
824
585
170
513
347
859
998
210
675
49
99
777
754
796
75
442
27
105
925
396
352
335
580
478
788
569
119
884
102
269
720
544
438
278
116
371
775
209
763
635
265
657
388
365
303
501
502
473
590
443
699
36
3
938
301
174
137
747
301
368
143
412
826
641
655
373
746
56
748
766
220
517
452
222
339
308
355
734
22
949
52
594
226
290
675
498
530
411
126
890
645
695
391
705
354
368
959
438
384
479
106
27
902
579
440
379
451
884
41
11
405
1
956
440
957
161
616
643
433
711
229
420
881
628
947
940
370
419
220
639
575
534
357
718
467
139
491
372
417
614
88
528
612
65
776
17
921
801
609
926
290
918
31
884
860
756
177
762
71
6
633
875
841
664
918
647
168
318
819
636
412
597
369
96
330
982
109
630
425
888
477
764
318
41
323
318
778
981
248
610
680
745
234
823
781
829
847
824
897
6
926
126
336
292
568
390
860
728
504
603
390
953
277
938
803
588
450
305
140
457
568
84
374
611
766
131
123
688
998
351
425
505
786
875
595
152
0
178
87
743
789
744
865
359
960
305
138
461
238
95
265
289
88
810
610
457
214
722
449
626
177
267
492
329
732
215
425
502
112
217
800
367
277
415
50
913
489
452
392
212
333
597
966
833
971
446
35
149
705
651
399
805
298
717
587
88
456
863
328
52
910
642
904
428
974
222
434
490
939
279
118
548
731
347
63
245
826
765
317
793
757
664
130
897
231
779
876
411
414
450
869
43
393
215
855
757
190
373
816
590
704
988
595
343
300
550
918
536
809
354
819
358
532
989
538
371
803
813
657
568
637
234
55
319
462
577
779
292
235
772
469
503
241
237
858
403
231
529
771
433
408
212
692
577
245
2
639
894
478
769
751
962
621
232
475
685
466
710
362
171
885
276
219
773
265
923
553
765
207
899
115
740
412
545
885
328
266
332
63
971
678
122
569
625
929
8
757
654
381
106
115
97
221
742
926
792
863
519
977
602
719
943
168
333
886
286
898
540
382
803
638
537
522
45
372
267
805
37
453
151
440
924
161
91
914
406
533
172
321
751
248
10
842
44
312
279
71
542
489
223
975
333
413
565
368
904
24
286
911
936
605
12
816
647
836
747
988
282
917
50
550
663
734
476
574
692
646
151
6
197
786
612
308
814
707
894
666
512
169
976
304
354
951
161
92
163
859
673
49
549
645
58
782
868
652
999
966
915
181
264
901
175
737
941
742
409
227
543
421
470
777
862
858
617
430
320
441
908
527
412
733
591
191
34
290
816
641
435
951
512
474
375
423
51
565
759
933
649
600
197
801
213
657
121
970
979
295
164
753
530
402
296
241
155
395
693
936
347
171
39
146
308
242
311
56
441
319
704
257
39
780
520
497
416
215
64
476
558
108
253
88
668
644
412
237
316
142
368
969
828
718
861
339
844
14
291
939
23
255
650
564
610
987
372
343
301
188
598
938
513
730
457
573
686
225
352
189
578
183
20
48
787
629
543
365
27
808
802
909
354
840
99
893
134
283
347
224
258
246
659
698
458
157
82
259
70
934
459
813
971
235
367
399
785
814
781
877
304
498
578
399
343
551
908
261
235
168
43
954
892
608
748
879
567
204
87
289
455
937
873
610
483
308
242
22
445
387
696
929
835
699
438
816
689
510
651
342
814
90
429
744
63
275
170
448
785
346
84
894
906
842
732
943
43
726
753
506
453
603
654
572
800
844
637
736
535
994
276
956
458
66
937
702
952
221
586
832
305
497
676
62
438
526
744
962
520
860
500
641
740
776
66
738
51
811
222
675
70
962
191
669
803
543
585
907
655
148
919
115
394
660
321
630
947
312
959
27
540
959
513
501
148
923
688
330
729
27
926
755
241
329
211
344
83
744
958
740
783
495
488
709
677
75
89
737
186
242
529
364
848
883
836
302
129
915
468
508
236
648
542
847
444
17
764
805
61
964
131
777
552
362
213
470
944
170
848
905
856
104
936
919
937
204
763
640
63
168
34
679
214
142
782
129
804
699
87
82
250
809
826
254
990
689
127
705
50
276
366
698
470
681
301
984
914
506
864
501
279
529
569
886
931
361
776
338
561
903
708
946
725
728
42
662
422
74
676
661
820
19
26
855
687
46
799
424
477
856
746
729
749
384
162
870
973
261
597
984
947
765
458
194
657
517
622
907
659
8
312
909
993
65
649
639
706
72
750
566
118
884
759
755
417
480
163
518
146
60
697
899
412
247
254
346
5
731
702
819
845
137
377
910
502
493
225
55
488
875
722
835
880
823
740
365
121
18
760
937
401
296
936
500
302
580
909
840
566
495
406
644
935
711
941
909
518
79
619
864
56
728
972
702
523
356
605
162
71
189
17
520
84
757
299
423
126
440
572
465
556
5
489
707
298
255
968
623
863
760
362
675
243
569
81
633
806
78
794
392
614
204
878
465
826
370
959
599
36
219
402
299
810
986
484
561
858
407
710
146
998
139
801
134
35
604
3
950
166
762
958
317
285
902
299
467
474
446
268
31
694
203
143
150
830
635
697
879
196
663
808
690
1
353
437
839
557
705
301
878
444
495
132
420
789
599
173
432
433
527
775
755
495
694
431
723
910
992
519
917
740
554
184
31
154
151
706
284
471
970
492
665
880
42
969
322
93
700
626
44
359
301
915
332
442
177
914
164
205
875
761
122
764
12
58
764
515
648
543
65
149
486
764
584
758
646
57
639
328
149
271
996
845
112
279
206
608
504
164
735
88
929
596
998
538
49
611
482
282
22
706
178
826
517
15
721
880
819
969
273
39
687
57
275
448
773
567
544
224
532
248
135
58
665
780
884
356
713
909
748
236
719
226
445
948
744
876
201
878
831
230
742
474
205
547
413
681
703
803
680
4
907
594
503
829
375
430
240
582
219
949
317
71
122
123
733
284
142
538
170
720
433
462
410
289
176
195
115
64
181
361
811
742
669
551
215
119
939
514
866
161
168
897
916
849
844
289
376
802
405
31
702
314
309
505
207
910
620
618
994
409
463
681
809
444
483
941
921
486
144
537
983
102
513
180
291
902
31
436
149
898
322
65
984
730
724
641
985
175
561
541
461
583
755
367
462
78
100
466
410
567
777
182
71
449
176
483
3
254
727
795
999
508
479
546
198
186
738
395
121
888
144
322
526
151
361
704
127
755
12
308
159
593
642
403
597
936
449
900
474
436
40
800
451
220
464
603
279
900
882
979
781
63
525
962
276
112
351
123
603
79
393
832
608
78
550
503
354
409
222
737
542
748
819
998
337
962
813
164
883
975
87
914
295
363
859
986
441
62
352
431
326
865
763
497
767
878
156
996
805
254
862
242
47
784
169
411
267
658
784
372
487
182
813
638
654
59
605
946
254
754
704
200
653
971
560
702
159
554
295
142
653
785
846
152
271
562
707
765
242
602
643
354
35
745
963
638
202
882
580
483
837
118
896
401
836
993
375
787
187
813
7
161
379
561
445
619
967
57
230
155
713
804
422
755
908
521
452
890
851
618
57
588
120
454
973
539
974
381
827
390
707
790
579
571
722
47
45
765
62
264
221
336
340
314
288
856
278
90
493
200
607
797
905
591
953
474
157
969
187
783
277
429
384
333
485
539
57
946
770
972
936
237
324
689
765
312
417
449
539
918
626
221
523
887
10
669
748
135
459
720
849
978
163
977
910
562
95
126
517
87
84
706
30
366
242
761
317
439
854
3
522
925
639
172
893
839
818
167
891
47
866
595
44
520
561
547
54
938
647
700
607
454
590
907
722
193
127
407
510
940
764
50
46
194
970
341
777
804
122
714
352
5
54
492
196
713
247
519
622
83
834
962
617
913
660
397
481
77
412
179
985
301
558
800
796
122
86
222
290
78
797
895
692
469
212
455
453
622
424
658
463
765
834
838
481
978
272
443
301
809
476
63
740
993
197
578
254
568
631
216
567
420
126
398
314
538
562
462
497
493
270
599
803
121
659
161
359
754
851
101
81
723
367
862
366
235
294
640
341
904
879
701
327
325
56
196
777
714
125
920
896
324
6
249
253
133
632
321
480
318
829
742
862
900
337
686
532
812
957
856
458
644
648
566
659
369
843
101
506
985
915
162
806
672
601
878
146
308
713
207
566
837
893
618
692
524
778
726
173
697
672
510
302
910
488
91
265
697
167
353
466
516
757
675
618
274
611
438
99
540
71
49
565
591
438
6
72
502
861
720
77
886
221
437
684
919
776
629
630
137
192
789
320
842
392
503
251
565
231
615
419
777
565
9
484
444
531
877
287
657
456
376
828
428
180
507
159
907
458
222
951
436
758
534
347
391
204
177
226
956
710
118
505
256
847
345
240
605
270
367
966
578
373
912
981
308
283
680
413
925
680
485
207
124
214
179
492
787
166
406
760
15
768
334
489
902
595
292
191
405
853
404
81
448
23
367
183
269
213
518
439
77
35
889
917
369
303
53
124
865
235
755
285
552
188
99
983
470
25
728
276
747
293
443
60
634
870
60
278
581
765
807
685
3
350
193
932
377
42
976
215
814
382
99
580
189
573
743
129
356
782
644
54
286
658
35
296
856
335
981
621
340
590
703
53
105
108
157
711
129
864
74
397
199
622
969
706
753
511
19
546
307
104
224
310
801
267
612
966
837
588
546
883
875
551
612
759
33
661
191
887
269
276
180
572
188
270
559
462
88
318
336
985
493
586
989
863
369
60
277
905
571
276
79
8
502
618
548
588
100
513
408
638
707
559
314
54
854
935
883
336
82
290
343
282
864
763
650
875
381
863
95
586
510
119
431
567
896
204
134
892
489
222
277
88
570
71
26
29
487
218
760
874
144
86
712
887
667
423
585
12
277
820
848
575
777
167
76
175
469
894
719
327
560
564
317
502
526
75
283
733
920
75
291
955
923
619
492
616
778
538
960
617
892
622
343
278
654
716
542
734
854
97
179
548
513
980
229
567
523
669
706
907
657
295
295
44
68
709
38
745
182
763
619
414
573
993
207
136
725
203
970
34
361
931
12
967
577
965
947
449
789
364
457
724
736
583
373
204
564
604
484
97
916
219
349
755
392
706
655
521
715
467
458
768
796
927
490
634
780
201
603
47
154
81
363
224
2
796
5
966
323
81
152
709
283
896
372
41
24
141
633
945
953
876
422
919
580
627
425
0
392
641
324
305
250
431
139
922
994
877
306
203
270
858
333
612
805
786
431
440
106
672
422
528
923
339
941
920
255
440
496
862
812
854
625
145
989
666
815
404
249
760
595
896
7
806
779
687
641
556
30
563
828
926
921
546
305
964
290
780
550
993
944
957
899
130
868
974
868
700
284
785
805
944
291
220
285
785
704
392
338
440
46
43
25
507
425
67
354
893
873
845
127
855
589
924
712
831
318
141
243
470
995
76
791
118
549
539
494
990
102
148
228
91
178
260
653
101
992
403
58
748
337
383
556
747
100
758
147
561
131
518
411
117
193
780
27
238
878
680
831
669
85
340
115
175
847
640
262
883
197
47
100
209
612
575
434
176
687
254
203
985
732
978
873
787
205
352
350
993
167
721
903
254
701
431
562
183
451
799
386
4
255
865
134
527
650
975
991
937
475
832
151
895
824
645
184
715
13
556
362
786
122
794
196
874
948
611
306
69
895
182
709
538
872
729
216
761
735
742
499
787
551
968
301
801
847
512
385
850
1
119
639
286
104
411
359
567
860
200
610
887
380
412
262
569
401
518
298
788
604
773
691
90
466
936
527
869
175
962
546
963
124
499
679
689
378
743
832
77
977
264
329
624
640
589
882
803
580
643
941
646
8
581
684
102
940
797
100
988
79
260
419
446
601
67
997
281
18
716
784
672
629
68
890
950
286
445
188
270
733
557
571
19
758
710
257
667
152
345
91
670
322
614
6
570
910
140
787
853
421
175
212
759
380
889
564
673
138
93
177
458
634
241
227
82
775
269
412
431
788
791
882
481
40
197
868
573
581
647
441
72
668
107
683
763
247
10
110
39
818
447
975
842
517
312
66
964
116
51
392
726
524
80
885
593
783
167
477
276
143
857
832
743
711
670
954
307
74
22
409
773
272
797
7
604
638
77
489
368
440
886
943
334
405
633
930
603
140
867
806
653
525
770
830
314
699
251
26
547
991
581
423
709
427
174
544
555
783
494
353
971
922
817
969
622
733
533
960
333
520
928
97
411
895
621
161
563
563
132
597
821
743
335
402
432
770
884
807
792
980
942
767
863
913
703
457
985
575
834
167
706
678
763
399
618
559
983
851
375
732
912
887
582
998
130
360
36
857
144
575
843
222
514
837
340
120
83
947
899
849
561
587
598
184
541
597
973
404
397
11
352
915
411
516
822
229
46
366
347
908
893
343
703
307
163
396
833
608
494
524
822
76
710
285
765
353
793
264
762
62
727
466
778
2
997
177
580
465
946
212
53
538
847
724
565
997
901
328
342
219
549
113
971
754
936
759
671
584
662
705
951
968
418
323
169
597
991
359
784
313
341
357
712
1
537
597
453
330
857
875
853
845
928
189
146
445
961
763
370
370
505
206
364
431
336
369
812
376
222
688
291
57
381
237
469
433
606
266
575
885
813
312
94
50
111
235
499
498
370
28
259
273
996
468
298
115
300
220
112
151
198
606
600
714
226
578
774
814
88
810
751
400
345
652
34
52
567
568
646
222
673
571
38
413
643
336
286
867
853
90
710
332
73
143
10
661
828
661
467
635
151
601
27
548
203
515
766
637
219
373
249
810
683
974
278
964
975
349
560
575
494
55
359
230
835
557
50
582
657
507
171
980
731
77
311
829
616
837
485
568
861
118
902
706
770
321
151
718
804
676
919
765
103
119
855
679
729
986
140
284
622
436
262
361
707
920
557
893
987
346
837
122
304
582
953
995
795
502
773
683
855
423
429
906
527
165
589
718
836
926
845
186
297
976
51
774
349
848
973
563
635
422
388
391
904
57
18
767
813
236
701
652
954
17
791
828
111
950
24
741
176
839
618
648
532
624
120
298
310
404
987
188
82
411
854
793
683
64
253
868
480
688
748
752
205
84
325
580
88
7
654
288
423
609
881
131
171
642
929
158
178
533
360
367
785
733
687
913
48
330
144
231
808
529
673
151
390
554
30
372
38
275
77
920
971
404
899
959
157
730
558
94
219
822
143
762
885
564
788
918
441
371
821
16
304
286
137
105
117
515
418
741
970
675
145
88
929
46
479
71
187
931
68
411
596
251
812
348
307
272
17
431
694
579
9
286
66
804
599
402
327
903
890
883
449
745
829
379
541
150
910
143
817
914
260
619
788
903
345
111
692
649
54
320
99
675
986
508
437
501
344
436
103
966
527
543
971
110
760
937
725
297
120
840
429
95
632
705
479
675
834
822
221
138
974
578
726
81
341
910
484
254
87
240
463
972
429
154
387
874
218
886
365
619
823
972
107
110
693
682
18
428
615
121
612
627
726
38
99
507
933
145
173
502
219
474
680
412
505
571
512
612
562
808
497
507
940
259
675
665
754
242
817
681
934
931
48
323
974
220
878
901
41
43
543
76
497
71
864
856
440
32
167
220
932
879
152
123
750
424
718
304
520
135
960
92
564
804
741
787
930
644
369
171
643
762
96
385
526
56
663
470
517
338
913
625
952
789
26
954
780
198
167
62
421
70
645
58
858
997
412
147
838
197
599
774
234
650
375
558
449
495
709
436
705
846
304
376
580
320
820
163
441
4
157
641
55
482
538
569
831
533
423
184
262
625
170
115
103
158
899
234
451
834
653
704
128
447
27
237
464
929
768
312
990
328
84
895
42
774
659
225
753
834
614
848
204
51
131
676
210
709
922
540
810
859
564
800
720
757
775
992
911
202
261
703
790
165
133
263
84
914
169
466
211
237
89
937
128
869
954
1
682
933
754
49
225
101
299
823
739
93
446
551
749
366
399
708
17
49
321
864
563
174
851
603
620
155
593
961
343
174
805
345
820
610
44
308
858
677
695
399
651
349
694
17
814
869
284
224
2
746
127
614
913
415
57
949
931
371
829
652
972
648
876
340
297
677
984
910
824
894
807
989
479
856
875
669
808
314
53
729
753
282
480
477
15
380
327
308
436
699
368
413
187
578
131
422
788
905
9
834
740
700
305
67
62
706
998
255
172
444
454
499
928
432
876
810
764
997
171
157
856
749
98
876
269
351
231
675
599
48
953
520
922
462
592
164
718
323
207
323
154
583
172
843
775
494
905
961
731
727
992
34
365
900
631
321
944
856
287
671
368
571
793
165
579
844
70
460
843
570
945
380
35
47
234
939
730
975
563
407
544
558
292
592
54
128
767
131
529
233
441
662
87
72
828
230
569
491
670
321
630
47
141
639
997
724
83
870
932
187
193
649
773
478
434
781
391
793
176
20
333
709
66
813
900
28
391
706
604
104
513
421
709
368
509
636
293
223
390
376
751
617
924
767
337
160
487
976
865
376
331
640
830
672
808
471
891
261
31
228
360
638
492
279
211
933
727
868
188
218
792
663
103
306
720
249
63
480
240
394
214
442
607
10
364
124
911
584
90
422
378
738
538
753
865
985
948
848
291
505
568
895
970
268
43
198
452
22
7
85
656
613
716
119
914
782
845
351
444
494
11
2
276
477
103
657
494
723
563
801
639
388
633
734
369
571
932
255
691
689
469
215
311
489
898
200
896
21
465
731
784
923
986
118
298
607
650
456
552
840
890
114
885
650
433
819
63
675
363
59
917
464
259
222
383
444
306
306
29
164
943
443
346
320
78
437
686
807
654
630
476
361
198
728
545
820
209
895
844
25
638
977
724
623
146
548
391
682
150
687
248
826
669
353
737
601
556
90
704
62
467
182
911
803
719
862
902
216
551
220
43
294
471
921
99
632
155
972
704
593
590
836
808
319
969
440
873
230
420
696
744
292
793
355
651
528
100
955
747
113
164
700
574
247
851
862
718
167
742
598
810
473
672
953
172
620
435
341
516
759
54
699
588
39
383
692
76
872
855
118
66
353
421
566
89
833
962
947
505
785
481
941
409
500
872
827
482
828
839
429
13
672
372
549
905
459
890
420
82
600
709
60
464
489
539
401
720
697
891
401
511
484
312
184
378
222
24
480
775
232
126
45
911
255
822
909
718
397
332
470
930
345
924
713
753
82
656
406
937
270
498
649
936
975
422
318
690
274
619
816
397
907
716
720
488
313
575
195
255
440
937
502
383
33
547
963
810
923
451
555
206
763
895
105
743
243
972
994
633
62
43
520
537
885
316
482
976
545
628
89
730
429
960
464
530
790
406
301
800
630
180
977
262
304
777
26
958
837
633
407
178
113
857
185
356
382
470
316
200
823
761
61
242
859
521
717
636
511
148
851
599
674
906
321
845
42
213
822
27
991
669
643
616
989
253
828
753
503
869
444
550
438
970
179
268
403
272
682
732
500
888
109
420
355
213
102
868
707
467
409
625
330
42
104
948
115
639
848
98
166
476
114
780
778
9
282
960
930
849
657
757
201
656
380
163
191
760
442
808
780
468
877
698
74
443
66
842
459
414
874
135
344
625
679
33
652
981
475
516
616
868
613
164
360
232
233
206
979
343
611
730
412
487
351
247
433
674
600
75
683
705
407
430
50
450
266
896
179
167
161
254
905
89
621
600
733
951
167
321
478
900
219
614
422
44
332
397
609
338
453
420
182
256
579
509
531
626
666
881
38
900
52
829
18
834
784
774
301
874
97
181
274
728
950
764
151
670
950
45
6
194
82
357
692
705
209
871
748
475
631
995
487
550
947
950
31
639
740
883
649
167
9
428
433
924
706
671
277
435
256
300
597
501
135
572
537
360
935
820
661
593
895
577
611
838
258
125
176
232
723
942
160
195
156
406
247
50
687
949
197
433
573
750
584
554
452
483
286
814
925
882
413
79
335
338
106
846
984
658
922
792
348
49
525
296
653
663
115
547
153
376
2
777
464
191
737
961
365
537
762
459
745
235
830
192
847
441
322
275
322
279
417
915
93
134
941
716
244
241
673
900
103
110
91
93
225
872
731
750
429
188
288
694
980
521
746
258
351
872
681
493
963
321
24
49
739
375
775
500
519
437
790
715
155
593
27
121
938
521
470
91
775
84
997
878
165
866
290
805
362
134
243
544
16
760
565
233
700
587
619
782
91
357
492
73
900
931
555
114
162
800
396
261
591
124
535
377
603
373
408
150
342
681
814
803
838
95
468
518
591
574
780
434
781
952
308
484
997
797
255
148
274
367
230
331
549
721
926
136
574
355
707
888
985
295
28
700
307
790
308
318
420
721
92
113
498
416
88
256
910
758
507
913
242
881
593
980
506
964
189
153
350
521
34
607
580
752
952
196
158
795
28
472
539
748
445
89
181
842
743
921
230
87
825
401
504
154
652
505
906
613
504
638
674
861
410
328
3
269
819
491
782
772
641
314
359
744
525
342
575
764
486
36
16
727
142
249
477
759
56
228
778
534
289
43
497
335
492
311
342
497
100
813
98
342
780
87
739
968
958
68
560
413
83
45
309
441
435
522
346
827
884
147
709
223
446
892
59
214
84
522
361
753
428
972
735
417
591
551
918
224
768
994
623
785
256
385
493
618
832
144
489
515
674
598
828
984
938
512
599
788
855
768
999
912
754
41
110
761
598
239
208
261
853
298
577
420
696
207
409
904
582
228
770
149
382
258
576
220
35
146
564
991
141
635
367
479
532
820
391
992
307
156
581
500
318
765
180
767
969
655
840
675
631
241
585
522
494
168
883
140
766
360
131
467
43
412
611
428
965
99
747
994
648
679
717
14
245
287
710
957
236
884
868
44
306
635
663
875
896
795
461
889
162
39
388
642
454
683
77
846
966
933
457
224
444
609
677
900
521
842
951
755
410
402
300
759
480
938
813
237
921
805
811
442
183
954
713
609
323
46
664
214
288
428
175
658
928
940
529
456
818
229
868
853
558
889
759
731
132
536
396
647
765
691
670
991
749
789
64
341
680
975
957
753
641
536
419
319
33
691
207
642
231
282
687
945
986
400
834
467
340
803
187
8
735
503
407
717
1
430
755
585
183
704
271
391
359
311
521
329
554
553
15
595
309
610
651
922
765
477
254
570
567
731
731
74
202
291
31
860
712
133
211
153
375
493
545
61
475
240
19
481
855
553
296
942
430
12
141
920
200
915
650
142
317
713
49
556
562
877
616
679
808
537
31
649
907
744
541
649
463
359
722
997
929
451
947
806
363
947
409
120
449
66
405
651
567
808
350
302
784
478
278
361
781
147
854
236
188
941
950
98
523
767
145
71
218
157
946
212
420
591
988
860
14
585
183
725
590
367
656
241
180
597
850
268
789
720
79
496
366
408
111
132
412
213
572
541
212
164
357
959
183
701
367
154
629
562
735
80
563
313
612
768
726
747
688
611
230
455
639
339
261
690
378
512
702
203
273
890
810
448
47
854
472
678
24
684
744
372
84
39
486
822
726
421
568
840
35
303
482
586
254
859
934
532
340
940
983
657
803
201
534
761
72
886
154
392
722
617
349
901
930
984
410
900
849
971
291
23
331
933
185
182
538
41
105
215
875
936
102
329
431
159
182
21
737
637
228
936
336
283
71
145
672
918
639
598
729
619
280
805
87
565
285
221
878
443
608
393
224
157
451
896
873
303
316
480
476
875
121
968
820
208
345
425
202
811
160
382
738
381
464
991
78
207
677
689
7
19
266
876
794
743
244
106
882
809
439
153
60
209
313
197
991
721
97
80
242
261
130
623
851
794
920
291
334
352
546
112
89
403
865
769
529
36
539
375
362
703
643
438
638
640
546
650
128
511
86
85
20
651
757
461
105
58
704
461
472
304
232
593
131
265
89
624
905
505
326
720
387
742
324
963
774
274
789
554
903
478
906
468
677
480
150
486
962
155
779
59
909
24
55
340
815
388
608
413
259
40
461
331
735
240
69
671
859
359
365
503
100
235
419
855
48
408
786
378
517
464
675
83
672
572
695
590
203
438
714
488
116
869
665
361
215
460
332
757
592
394
842
37
743
81
244
797
491
273
769
613
179
985
945
181
736
367
347
257
159
354
800
473
407
660
766
997
794
398
487
978
640
659
836
418
765
52
166
975
238
881
361
184
936
394
70
941
741
9
516
627
870
634
546
165
126
117
306
284
652
977
961
737
218
845
739
732
189
123
484
620
138
258
896
949
286
922
503
89
950
106
538
139
638
126
46
45
848
613
616
196
668
564
56
801
771
291
713
621
24
773
496
918
914
219
946
738
808
89
24
479
911
39
675
72
187
971
96
138
531
12
853
253
424
299
353
705
82
898
593
254
839
944
678
555
296
303
489
767
226
479
516
319
209
864
819
463
743
977
937
943
42
898
886
860
596
426
238
263
276
326
501
942
34
199
623
557
663
135
444
441
322
567
176
81
639
112
625
113
635
540
905
756
379
416
812
789
289
225
811
954
456
903
926
734
431
474
201
441
737
336
885
167
718
225
471
994
82
583
518
268
459
861
22
149
816
34
625
236
604
618
485
638
818
954
921
25
555
526
345
756
691
208
161
237
521
815
685
54
565
650
839
45
612
823
586
510
910
757
555
15
97
794
568
336
70
426
809
420
993
349
202
681
31
939
410
120
992
398
118
513
739
12
935
103
721
616
586
731
433
76
286
928
459
605
648
178
912
219
34
355
982
580
562
828
810
340
670
516
350
786
134
352
538
154
266
583
982
242
458
641
142
588
636
532
558
967
168
442
789
162
48
386
526
270
163
865
504
735
233
973
152
271
536
