617
359
91
747
931
397
975
173
864
111
182
659
499
238
606
263
223
10
701
787
23
161
124
124
364
659
693
235
772
688
250
575
849
29
493
964
185
806
154
478
537
654
904
264
810
828
979
292
87
833
813
680
822
102
745
114
293
571
729
627
681
735
778
276
432
703
495
706
612
874
544
117
932
885
704
2
301
831
30
30
638
978
780
159
677
835
726
81
520
707
463
444
795
913
877
394
142
213
24
27
173
326
593
705
274
636
640
692
225
767
606
618
583
355
511
672
67
737
773
841
735
950
237
4
724
970
820
198
288
477
264
911
373
19
177
622
145
533
98
280
178
813
446
211
372
625
527
862
900
841
750
76
87
585
802
661
586
397
919
497
295
8
567
979
403
253
391
153
415
389
908
767
734
276
512
554
800
426
284
987
964
409
289
67
902
209
659
544
773
61
868
667
676
285
191
193
541
781
980
513
831
482
701
530
791
50
177
45
224
980
830
448
530
301
372
182
189
787
969
852
924
923
680
272
469
712
755
697
635
933
668
642
949
855
407
542
150
773
518
933
446
449
707
687
823
800
887
940
314
407
727
201
78
453
634
679
812
258
846
982
433
626
879
457
408
657
506
519
792
572
79
241
50
35
515
153
263
948
970
220
142
450
950
676
595
763
866
188
694
275
378
51
754
799
91
671
705
477
839
569
140
964
714
383
799
59
630
411
984
868
771
824
719
354
578
207
341
97
773
467
127
125
234
487
138
278
819
344
855
56
474
485
524
758
104
863
866
901
94
100
205
282
848
459
219
283
961
292
139
941
226
436
168
926
415
998
682
909
550
885
119
9
857
701
141
914
12
682
738
871
144
971
398
783
881
876
346
884
95
523
542
166
943
353
649
899
452
222
12
255
86
835
899
239
128
20
804
378
265
57
493
623
848
260
589
198
873
899
55
922
43
328
438
272
565
916
270
728
291
830
763
261
448
893
578
579
819
100
43
76
789
26
669
557
953
398
304
191
679
765
372
920
144
576
745
322
154
265
61
409
63
419
242
869
59
777
846
917
96
38
310
899
522
259
392
695
125
142
466
85
515
201
926
176
71
311
92
269
601
282
467
103
671
870
130
846
497
746
504
602
599
71
361
934
489
964
854
936
792
433
75
850
127
186
369
587
712
649
693
560
96
428
499
383
893
847
45
383
86
622
542
602
717
79
290
437
983
912
217
593
4
541
180
31
242
190
706
166
20
41
417
931
795
47
783
820
15
160
174
371
707
230
175
855
165
545
923
933
438
637
934
417
27
683
189
615
646
892
153
709
861
382
330
631
511
522
737
82
497
190
292
530
779
276
936
617
859
801
548
650
348
585
695
30
234
644
484
870
929
637
173
974
121
968
580
802
677
347
1
964
385
377
365
74
965
999
970
852
597
589
506
459
231
594
836
725
91
977
41
784
932
199
212
420
891
229
793
186
352
559
930
166
201
522
347
482
831
117
786
658
612
969
980
819
176
672
429
646
236
369
620
432
726
741
689
226
112
678
499
274
980
538
63
918
447
970
656
556
493
412
792
619
342
974
70
448
390
330
234
258
825
523
122
913
934
910
395
594
762
515
148
641
42
275
491
248
17
972
698
722
500
22
195
240
859
183
57
842
340
940
564
387
750
857
196
81
418
989
774
749
141
360
973
265
15
548
66
80
533
661
983
2
774
318
848
680
7
473
132
929
50
856
820
883
121
266
721
672
16
580
406
418
894
422
422
925
525
120
755
862
48
690
828
710
876
544
314
841
404
418
901
326
805
267
449
523
11
402
34
513
283
552
291
883
64
246
467
505
198
832
493
968
242
611
665
71
450
35
472
45
682
35
94
426
587
855
294
654
255
658
315
481
343
271
667
869
105
830
210
684
161
467
71
227
260
861
602
752
496
853
749
247
307
182
366
357
108
942
136
500
218
654
762
31
601
197
915
60
105
128
989
932
980
563
953
509
123
509
710
192
113
737
361
895
79
124
235
102
577
636
183
882
167
903
747
928
355
413
307
941
66
122
347
812
220
97
346
232
250
173
43
529
58
510
858
777
751
900
896
535
722
185
229
421
600
581
829
29
902
705
516
197
102
131
959
407
42
645
35
914
236
852
444
134
987
945
896
999
83
357
489
752
288
248
960
557
465
130
355
333
834
623
743
127
580
955
533
51
693
843
8
542
929
472
340
164
403
275
486
537
336
759
367
483
442
856
416
700
16
451
844
592
130
198
181
92
854
32
69
802
170
800
825
667
10
739
38
310
881
880
803
355
401
380
478
541
131
465
94
689
742
923
377
991
442
425
369
904
843
284
154
517
984
518
373
553
677
183
997
662
418
157
870
651
255
939
426
252
100
666
228
427
739
465
462
619
792
732
458
468
140
9
421
951
318
344
288
131
235
346
882
948
105
549
990
421
239
249
291
954
648
496
246
447
982
950
595
176
199
145
954
63
623
748
329
470
802
25
923
658
673
14
369
156
904
398
364
442
108
719
299
922
746
133
617
66
996
806
201
834
274
883
294
112
407
455
912
120
933
284
233
78
760
79
939
165
415
684
382
882
844
268
235
968
161
267
128
330
515
294
671
324
255
185
593
565
137
623
387
715
623
207
711
601
897
8
264
555
344
511
191
879
743
747
274
72
959
672
620
620
977
3
290
989
872
851
144
23
448
43
164
43
267
837
870
287
44
50
328
962
31
942
857
360
576
1
202
307
716
40
571
705
905
590
459
670
396
453
147
379
373
299
680
190
140
73
90
313
74
750
371
133
36
292
58
996
243
797
940
455
326
927
323
778
903
124
327
92
950
236
474
358
704
342
709
308
831
527
814
823
609
15
223
764
174
875
973
66
25
73
212
596
943
798
156
770
569
332
339
345
606
988
528
701
788
742
307
759
277
727
264
787
943
754
871
944
646
86
521
407
246
736
53
329
745
925
92
454
542
454
433
793
900
33
445
285
640
809
300
146
739
406
776
895
641
710
158
385
202
831
296
107
316
655
857
460
684
972
796
422
165
53
721
995
203
448
420
506
373
317
879
750
906
919
607
435
240
648
166
754
881
753
166
868
745
991
274
829
424
462
205
168
153
52
778
264
512
717
907
659
562
153
814
438
562
311
6
167
121
939
505
465
644
366
731
222
289
207
880
261
507
722
217
911
722
401
461
442
943
436
463
104
13
987
226
740
895
418
859
824
651
149
394
533
986
733
18
735
878
645
373
844
880
986
146
426
183
66
476
323
105
951
3
643
217
331
220
805
528
895
411
625
689
250
959
325
423
798
977
209
878
66
869
814
122
98
69
689
969
295
447
363
179
328
396
869
264
673
868
0
710
716
541
99
693
151
821
251
771
492
75
340
702
999
228
905
5
345
889
480
255
898
668
663
379
48
631
44
550
67
429
183
534
899
414
542
104
51
832
71
219
793
702
129
531
594
246
721
507
770
213
314
68
939
962
336
297
267
567
256
248
470
325
789
952
398
427
261
978
712
926
678
685
706
680
184
471
872
852
919
99
175
163
252
779
349
597
405
644
993
541
625
141
859
696
163
594
920
126
710
326
727
390
785
113
767
442
874
613
790
217
138
200
587
418
209
865
62
297
796
59
237
537
181
996
596
831
818
637
719
911
913
862
191
194
656
676
834
592
486
93
48
198
368
809
315
127
452
938
509
897
498
101
60
449
208
579
597
891
603
821
657
364
844
899
943
545
97
133
514
202
503
370
819
800
190
404
724
699
183
497
134
223
751
27
13
804
180
681
808
133
95
419
84
193
39
26
776
617
979
457
926
929
789
131
629
532
822
748
512
294
641
546
308
654
719
781
810
919
919
528
475
996
498
554
32
117
965
216
593
822
561
500
108
713
389
114
419
890
854
434
234
654
793
566
168
92
592
303
48
503
202
74
873
564
527
73
652
359
684
623
41
198
660
956
228
763
183
796
578
567
871
28
373
12
965
41
54
609
538
908
570
347
62
154
131
659
216
851
306
330
512
73
883
916
29
245
267
388
812
362
552
769
996
421
191
808
458
432
117
234
454
890
919
451
86
987
61
869
190
613
92
211
403
204
652
907
328
540
444
109
461
86
91
961
313
632
830
446
599
671
997
750
377
378
165
773
235
795
607
101
722
102
470
113
730
720
500
72
19
210
475
984
103
324
282
213
31
591
494
669
14
180
595
361
398
654
414
287
993
356
794
982
962
108
170
47
129
62
320
202
201
618
538
247
408
91
424
3
108
367
729
478
370
125
151
591
149
879
0
691
839
335
446
655
425
128
390
782
493
957
558
939
842
521
379
58
709
882
706
626
121
869
842
961
438
574
363
434
417
814
935
977
380
758
407
136
995
535
44
264
854
560
645
881
944
0
694
358
515
436
643
370
484
432
212
508
932
594
227
606
540
928
318
285
306
115
165
118
764
791
587
130
514
876
936
245
947
73
72
130
197
689
969
623
155
433
942
275
444
777
923
52
747
61
308
753
359
210
613
917
517
488
170
2
178
5
922
12
477
41
820
884
874
205
552
507
881
592
429
673
234
85
485
108
951
727
608
310
975
18
756
241
897
750
970
884
936
184
718
461
445
48
617
638
650
252
39
840
52
12
289
311
155
670
970
359
847
748
32
444
110
374
208
748
107
337
376
422
301
653
616
224
593
851
97
840
406
660
168
158
233
658
774
698
819
120
259
2
690
176
994
964
407
569
311
269
525
871
33
63
251
544
209
330
106
721
989
566
888
584
461
893
225
366
528
566
971
504
192
878
964
641
130
719
878
405
400
371
178
748
701
738
800
190
153
509
192
443
227
213
59
83
680
674
792
327
643
903
633
796
141
396
329
820
298
313
424
213
665
33
187
131
448
88
539
463
897
934
590
725
510
914
229
368
923
690
899
48
776
144
417
787
667
920
924
30
476
322
926
431
871
412
183
626
793
339
427
151
803
540
576
520
238
643
461
671
841
830
344
853
420
809
446
450
96
49
519
184
454
33
646
911
3
146
243
980
787
672
835
514
951
820
969
48
588
517
563
369
845
257
780
850
875
343
259
972
558
118
348
159
657
829
360
595
135
269
603
245
353
591
697
136
18
441
1
444
28
263
368
57
775
646
502
246
517
209
214
37
891
314
726
963
671
937
946
362
97
12
970
360
529
281
113
907
157
364
224
137
905
102
637
223
684
854
271
777
790
842
807
108
650
847
970
897
618
531
65
948
84
523
627
47
448
631
967
55
212
4
276
331
242
513
811
681
336
450
803
491
312
245
840
103
320
233
123
503
869
8
624
92
99
537
671
929
50
911
844
767
716
157
809
431
987
73
197
725
378
466
201
937
636
833
489
90
701
394
545
190
984
607
5
668
347
222
510
332
202
371
671
356
163
699
563
820
411
60
995
544
538
14
618
734
635
741
183
556
359
348
225
719
161
161
388
235
473
862
975
20
607
964
842
946
256
177
665
108
720
36
913
650
600
191
311
166
639
445
575
125
180
910
533
740
694
481
347
180
171
913
4
769
223
417
208
361
53
660
236
810
668
208
611
94
351
718
669
760
859
529
301
231
292
899
603
114
303
193
678
20
549
282
991
997
426
548
903
569
90
71
938
643
712
425
918
999
481
429
507
406
735
330
382
520
861
543
517
243
43
895
574
589
125
984
490
191
502
414
34
865
90
449
754
681
385
217
4
522
95
413
581
240
613
531
281
498
975
638
292
263
137
299
117
458
740
880
912
636
580
839
212
172
698
352
327
889
539
163
92
159
802
685
945
783
279
638
549
967
569
990
829
464
49
339
877
933
198
438
639
485
674
756
848
259
758
635
587
247
344
849
58
6
30
528
912
912
663
500
830
650
287
585
368
748
191
255
951
234
275
163
56
638
132
422
803
418
158
499
707
970
770
396
4
247
244
804
119
605
629
965
927
900
564
998
899
535
838
459
316
689
179
602
359
160
698
117
614
589
953
917
88
755
227
434
459
108
616
469
505
410
948
154
499
652
964
533
288
325
705
221
95
456
512
708
332
202
985
107
893
984
92
432
498
274
203
920
766
422
122
515
920
838
12
470
900
981
359
650
639
855
988
840
143
603
823
319
690
567
592
374
934
445
816
681
703
378
813
64
665
24
920
889
871
600
837
116
27
932
900
865
323
401
502
737
360
704
330
926
865
116
250
186
543
584
950
671
335
712
701
389
903
235
790
34
314
125
717
76
36
368
601
70
832
555
954
504
755
248
355
420
5
562
882
472
570
497
119
350
716
123
908
92
864
135
296
571
474
856
677
580
23
37
939
169
527
799
978
43
466
88
984
552
897
31
435
134
974
215
151
221
232
424
360
95
871
445
723
24
899
492
65
324
893
782
670
48
206
733
595
245
625
46
774
803
232
720
313
230
832
129
163
628
467
730
23
445
329
222
879
422
451
487
603
185
359
576
335
403
941
783
673
186
703
973
586
127
703
648
863
373
82
542
4
867
113
768
374
837
382
888
667
609
992
408
516
970
440
536
800
87
758
888
504
715
968
139
897
282
290
654
649
517
628
692
243
799
793
392
116
811
197
243
920
648
746
412
797
961
998
131
446
488
381
205
714
304
6
439
812
421
282
474
216
756
102
442
236
420
533
170
725
690
926
458
452
587
312
307
693
630
11
173
95
175
548
805
778
231
614
794
446
41
350
370
953
474
651
130
697
132
884
239
162
799
973
165
300
805
447
346
642
524
157
902
318
149
163
0
378
383
85
908
652
273
669
616
932
582
522
953
264
821
45
179
572
352
750
14
856
207
116
564
101
674
326
560
995
738
643
321
885
147
634
240
309
482
962
874
216
764
205
560
258
788
147
580
656
750
617
316
795
205
499
774
395
651
198
877
471
553
699
665
429
660
991
814
301
780
543
781
873
311
744
430
810
425
688
559
897
610
515
885
370
47
503
478
487
813
635
14
120
302
628
978
197
389
923
995
656
196
444
749
132
171
306
815
121
766
885
776
873
866
51
53
918
599
279
290
171
384
621
306
181
382
978
825
865
13
799
13
917
563
541
751
685
18
411
257
918
876
475
613
700
858
978
747
52
667
120
18
108
586
307
709
25
509
444
453
950
445
405
438
615
552
446
278
70
973
534
350
486
903
858
905
708
98
759
234
246
560
799
129
918
3
765
688
523
118
361
719
735
282
972
958
860
749
545
998
305
141
532
918
298
216
663
72
848
624
755
466
276
627
441
503
941
145
989
461
70
960
39
29
442
890
693
389
219
161
394
26
929
636
896
737
479
40
806
424
806
74
282
190
323
536
257
782
812
192
372
330
540
94
10
858
292
411
197
825
166
403
865
80
198
231
402
587
166
703
835
577
773
721
957
563
672
77
926
797
546
245
565
506
432
334
595
455
470
193
568
70
767
476
125
264
594
203
859
746
549
744
347
368
670
984
285
269
809
194
398
490
664
638
844
383
419
858
204
692
147
449
909
735
23
493
824
364
466
464
873
5
615
985
102
938
64
268
33
443
557
54
516
473
604
605
699
527
147
161
429
390
257
488
203
23
775
601
798
236
684
749
225
628
547
975
192
917
691
766
832
545
122
208
192
394
357
424
331
279
100
323
156
355
622
413
338
204
281
901
326
283
825
348
688
254
143
800
935
210
603
585
244
324
161
133
677
850
619
83
339
775
309
806
529
320
540
293
332
876
863
104
508
799
528
598
603
118
678
591
617
46
945
589
362
949
969
510
569
950
701
269
974
728
314
1
361
495
167
249
150
380
241
286
697
928
4
890
115
117
683
762
563
709
823
780
111
881
119
514
32
157
350
449
258
565
679
64
915
496
257
209
172
210
920
51
606
59
631
360
769
385
512
61
124
98
819
200
438
509
742
538
802
925
572
824
464
557
670
306
229
295
244
829
891
138
330
774
1
55
91
660
876
73
323
798
864
799
722
779
549
168
278
887
208
95
505
481
180
268
520
772
825
526
439
47
351
266
253
590
458
440
196
56
155
546
534
380
586
409
415
618
352
485
804
319
78
662
465
334
586
662
217
149
554
121
797
446
833
463
324
572
533
984
687
526
789
633
694
506
192
236
608
234
226
170
23
64
189
562
456
896
841
405
344
265
798
423
71
833
616
392
773
961
456
376
311
203
785
72
872
550
916
665
163
203
342
331
631
584
92
795
428
566
623
420
701
208
982
124
340
450
395
777
960
254
962
768
448
127
184
203
50
783
861
23
29
692
303
530
987
234
199
264
751
697
114
648
686
337
304
285
97
849
717
437
628
794
874
854
121
465
713
303
963
710
170
420
808
671
535
957
62
871
697
875
584
567
797
115
845
755
783
733
196
139
175
851
875
94
277
672
861
816
490
474
322
725
495
909
629
106
930
654
203
995
90
849
908
814
220
238
21
273
255
97
936
517
851
700
439
966
842
448
369
252
443
901
914
320
757
810
491
91
92
848
300
467
432
882
462
117
965
490
434
528
104
872
904
163
686
865
254
704
431
404
154
109
368
185
954
134
813
543
565
773
142
789
681
190
391
698
928
629
517
36
40
678
159
38
152
773
965
772
979
302
381
470
176
588
322
296
230
429
756
88
800
937
649
308
65
184
697
428
97
242
147
224
565
366
379
760
132
534
526
341
129
334
186
547
743
812
816
390
836
483
335
661
989
328
574
241
15
703
803
57
36
989
666
801
120
403
239
365
55
49
457
674
198
265
410
854
11
200
662
699
638
605
542
853
288
162
334
89
14
445
655
120
812
614
273
709
686
808
933
438
522
82
208
325
663
109
929
35
343
726
800
712
270
260
97
459
40
511
398
408
886
732
41
0
454
626
317
84
939
151
66
589
325
59
450
264
818
528
394
338
175
450
247
177
590
378
115
985
21
415
332
487
793
212
91
452
360
385
3
426
645
406
245
801
2
486
156
204
766
9
345
454
686
766
930
838
376
949
629
416
315
228
135
374
687
959
260
113
490
495
78
689
513
829
156
198
835
193
536
539
497
323
889
414
780
285
664
84
454
934
485
355
635
45
410
227
459
313
241
640
184
308
702
450
730
292
355
654
944
648
803
302
737
246
633
450
821
347
618
990
827
785
653
680
229
495
429
120
382
928
514
899
664
717
775
100
201
848
400
231
241
346
147
293
480
503
83
404
678
831
473
225
429
744
553
920
308
510
237
782
995
884
387
700
814
460
342
465
999
435
835
813
552
864
629
409
917
171
665
980
429
114
255
361
140
757
391
905
981
980
690
108
983
159
91
266
732
662
86
202
511
833
927
322
865
411
791
680
462
232
519
142
786
957
633
696
397
363
925
350
962
331
628
619
233
96
383
752
748
869
147
595
405
156
203
493
540
155
754
878
734
9
290
197
53
813
201
527
924
303
374
465
744
736
48
205
278
585
488
859
696
255
337
13
819
626
827
462
206
80
166
124
93
78
612
754
639
922
749
704
10
279
572
252
434
507
225
160
766
413
229
261
488
76
143
425
554
814
182
148
350
18
616
537
90
962
265
198
512
362
232
292
698
379
410
616
81
568
585
37
6
314
546
893
170
895
14
67
467
181
45
9
714
562
685
656
767
367
3
700
362
446
406
742
170
630
604
289
35
807
902
141
987
368
938
291
729
315
715
986
789
142
61
644
629
732
633
639
648
199
686
355
831
679
607
845
390
717
661
605
936
954
988
568
200
767
725
142
198
271
528
511
329
528
187
333
59
393
513
473
929
175
99
674
20
58
944
701
275
578
329
991
965
189
253
576
299
880
315
204
698
327
651
983
151
178
303
726
705
100
468
307
155
848
497
293
772
773
672
710
126
948
153
670
606
355
726
342
259
19
853
674
81
79
862
949
934
801
428
201
542
322
730
11
927
685
13
785
679
331
435
815
328
377
60
374
372
342
645
666
579
161
947
203
370
438
360
811
723
223
888
290
543
129
924
260
337
340
114
71
224
867
350
307
525
555
180
669
785
984
96
712
689
516
789
786
390
175
471
421
664
315
589
998
832
63
695
917
872
912
31
366
140
779
321
682
92
589
486
575
621
227
194
77
731
958
560
843
519
711
554
955
186
238
741
405
938
690
97
10
450
240
962
393
666
13
213
671
633
665
768
259
315
473
618
602
529
958
350
252
172
630
319
839
509
839
303
761
830
582
416
9
533
263
331
32
714
243
765
284
117
928
484
470
486
166
559
217
551
445
927
106
480
388
696
814
287
381
638
588
84
975
515
285
369
568
511
147
36
238
861
685
821
627
356
128
392
346
207
367
695
566
267
767
838
461
13
613
320
589
40
661
955
786
254
607
690
1
909
68
719
396
321
36
989
386
321
927
367
673
989
846
458
679
594
458
609
828
929
573
617
405
273
146
739
263
518
445
140
574
738
774
827
203
215
285
295
71
734
796
305
194
852
26
786
277
220
528
178
968
572
986
347
213
891
914
578
215
299
170
517
254
503
88
494
640
74
773
527
941
369
159
336
508
751
26
773
930
671
297
638
252
431
955
398
113
615
747
168
600
327
780
626
488
696
967
47
150
292
911
75
990
302
31
774
888
217
460
558
764
212
776
962
356
67
442
377
275
788
45
336
926
956
756
258
177
259
403
354
306
803
172
39
522
173
551
829
710
817
243
891
794
919
548
629
93
222
770
734
660
869
37
311
246
343
550
3
231
417
707
353
618
804
635
717
371
891
587
601
480
424
394
109
307
304
431
173
236
397
788
410
362
316
245
370
172
291
967
391
643
383
215
514
357
791
12
874
410
964
105
315
308
994
699
864
833
87
593
808
606
119
732
152
815
659
840
430
217
79
119
33
787
613
47
239
199
69
300
903
180
834
702
312
602
460
302
837
269
8
834
337
410
898
300
26
871
998
313
208
489
526
761
755
631
622
969
216
72
370
672
8
478
55
70
731
367
482
370
255
309
472
988
517
0
60
382
855
752
975
628
391
195
458
9
220
235
394
102
19
826
919
795
65
543
745
702
502
372
256
3
947
699
967
131
817
280
880
155
859
235
607
301
467
71
263
981
98
482
857
825
555
756
521
61
58
715
41
969
93
176
494
874
170
909
680
98
218
555
924
914
533
542
516
979
968
405
331
368
552
164
904
925
111
703
96
884
474
670
101
509
857
755
983
145
695
79
642
816
737
16
101
134
66
587
965
638
473
656
482
847
484
502
48
103
889
306
38
88
106
902
25
743
91
746
387
777
791
934
234
427
609
535
599
872
258
872
426
967
636
568
185
458
339
238
670
949
38
573
10
84
60
476
48
541
175
564
225
321
569
258
103
319
280
646
471
443
768
342
449
946
387
836
476
471
254
21
517
506
63
212
506
386
607
664
684
448
326
821
672
682
835
758
897
222
240
969
115
504
751
814
211
451
255
472
611
672
539
762
598
188
949
501
495
203
956
364
239
752
388
637
596
260
410
250
440
469
471
563
62
863
636
563
381
576
50
42
241
794
353
752
20
135
156
985
117
12
672
580
131
679
301
846
814
638
688
386
392
996
987
160
861
575
696
956
486
855
137
969
167
928
460
528
746
854
660
354
619
270
230
662
565
854
643
933
248
988
842
600
304
497
490
833
257
705
598
761
928
301
220
896
39
749
522
742
198
619
82
200
693
207
55
989
195
689
293
1
606
207
722
244
869
145
394
849
548
745
900
664
913
63
893
969
939
32
579
33
330
870
565
417
643
298
569
470
67
904
18
42
700
578
421
256
385
764
869
2
183
580
930
200
106
436
212
822
990
316
483
486
979
49
533
257
226
142
707
776
955
81
402
669
942
801
219
975
862
295
261
557
82
150
751
627
784
326
370
542
505
293
723
829
912
695
48
78
214
600
964
382
616
48
369
918
245
415
882
65
788
432
14
868
720
452
901
756
667
397
240
575
697
964
398
175
877
185
148
635
893
113
151
811
478
487
370
224
891
100
468
480
372
162
773
414
617
908
896
497
21
787
110
398
719
160
183
968
816
520
92
703
170
531
607
135
121
837
444
391
6
280
477
54
664
941
162
405
177
832
159
568
509
715
574
319
56
630
136
634
877
449
770
98
916
11
213
842
999
470
940
384
243
658
589
751
867
801
130
375
593
219
889
513
168
0
267
895
402
445
907
746
304
215
743
472
913
850
10
766
72
506
917
976
44
5
731
729
996
663
194
955
179
283
249
941
677
151
936
862
711
294
942
468
71
139
23
612
14
581
882
143
257
909
627
186
808
463
464
868
672
622
735
98
638
263
392
941
416
210
646
425
846
702
919
55
146
372
38
569
89
545
950
358
685
92
898
215
833
709
386
656
458
11
266
302
990
618
560
154
775
992
849
166
442
925
498
694
463
794
867
544
445
294
93
846
583
78
41
118
429
127
624
860
44
230
182
64
176
530
735
941
673
691
363
47
792
425
53
628
90
481
687
391
19
86
338
510
498
573
171
211
140
832
103
402
221
633
368
431
714
533
40
496
939
900
495
503
931
885
302
158
15
125
660
490
677
289
865
658
176
183
721
296
964
408
582
169
183
661
962
826
13
951
509
242
606
808
832
594
946
47
826
149
274
487
205
721
272
344
410
675
287
843
838
11
389
639
423
918
0
362
572
509
101
519
883
396
309
608
726
944
192
445
348
102
793
580
812
337
235
224
450
135
113
384
856
263
328
967
244
235
770
884
148
453
182
352
798
291
900
943
762
286
593
259
651
706
529
861
284
340
938
425
479
71
739
582
842
127
9
80
906
239
28
589
223
259
22
826
282
665
567
779
283
195
943
968
636
449
589
42
29
261
992
457
382
494
24
758
753
366
933
194
28
786
58
528
489
927
900
220
909
594
634
572
505
590
420
473
475
455
525
360
609
872
738
948
693
733
141
77
720
958
795
112
443
442
610
137
184
931
67
279
583
240
381
220
824
261
567
809
609
431
295
632
511
399
86
414
55
241
24
936
696
827
905
460
574
88
293
894
230
401
244
906
252
0
136
155
407
526
222
112
448
569
68
112
924
583
471
578
942
845
927
925
876
822
652
437
18
247
140
998
759
602
855
369
202
645
960
476
320
371
481
888
794
655
620
993
579
398
353
82
936
234
722
423
258
51
214
292
392
323
313
356
201
629
137
691
207
707
21
220
454
496
937
787
484
779
848
560
705
462
421
288
829
863
291
743
446
888
255
577
39
594
103
960
269
950
33
188
553
764
882
58
435
558
989
305
820
43
92
46
544
78
727
814
892
288
330
47
760
2
499
875
640
804
989
521
94
556
958
229
942
269
683
759
67
954
192
102
248
567
827
932
283
423
233
150
524
349
666
105
352
109
377
84
974
227
443
144
531
555
924
437
112
682
462
335
28
792
763
878
444
16
287
327
967
797
42
252
32
482
245
200
635
817
537
102
698
133
677
293
637
235
756
976
934
632
986
44
279
20
856
916
992
623
759
663
850
83
379
293
759
310
332
500
937
707
200
209
855
20
651
715
917
284
233
838
687
605
162
371
791
104
521
144
172
135
192
20
65
731
564
536
137
988
901
512
760
163
870
110
673
984
145
350
704
876
37
985
204
602
63
450
982
201
922
763
31
932
990
105
697
274
325
618
872
190
166
367
570
832
429
458
269
409
866
776
178
273
937
14
123
783
564
2
97
336
585
961
197
885
282
844
904
905
66
825
605
936
433
280
76
685
936
821
668
389
839
618
473
868
600
328
410
894
344
440
922
440
760
240
311
869
271
423
285
983
109
744
143
92
8
295
123
197
640
399
594
639
775
646
475
501
413
69
717
317
915
470
517
801
414
155
221
64
945
391
293
780
374
261
341
178
353
446
212
794
345
220
95
659
155
709
781
261
177
687
869
792
101
135
431
317
776
745
426
552
555
261
324
707
497
566
910
966
344
64
435
854
305
803
123
23
938
677
176
287
223
263
262
92
198
749
86
154
71
241
900
196
621
647
703
342
118
263
171
961
2
562
985
5
442
374
286
781
751
911
868
894
36
86
11
397
206
275
710
349
929
299
818
386
295
208
207
111
342
254
829
948
37
982
335
310
201
806
259
970
474
399
997
810
877
394
949
292
751
285
158
721
130
629
36
223
575
996
792
537
906
662
304
780
834
890
44
193
262
124
686
847
76
653
138
192
268
448
878
665
204
73
829
712
111
642
96
35
241
907
934
45
151
342
830
724
570
736
738
429
563
43
762
583
210
120
486
422
430
416
240
924
24
966
994
976
768
40
662
848
475
550
499
627
343
220
245
507
285
537
814
57
137
601
909
116
876
950
678
232
950
586
144
799
466
149
581
352
43
831
650
498
578
426
268
0
40
535
670
327
714
70
836
15
617
200
394
556
448
572
336
979
236
185
908
116
771
709
341
32
765
162
472
462
329
440
301
81
524
410
897
887
643
805
670
386
822
697
6
576
12
578
130
486
521
440
652
560
880
814
394
369
42
715
35
19
102
788
75
946
255
474
462
507
578
973
642
552
414
103
171
804
320
659
355
261
717
520
912
254
771
585
687
448
283
498
751
425
509
179
675
400
315
947
493
333
203
574
678
50
11
658
145
663
220
565
348
666
649
955
818
289
135
565
380
887
729
213
491
602
455
984
869
913
264
924
21
648
955
647
789
494
326
810
183
236
776
231
741
831
546
861
545
719
671
528
678
222
665
659
744
81
96
614
616
134
674
466
964
550
263
504
916
802
198
242
397
528
703
9
132
706
396
714
808
302
817
738
949
611
256
110
328
153
209
921
824
631
188
772
750
290
67
202
843
642
45
277
510
366
82
124
41
798
523
676
580
345
304
186
523
367
100
271
79
399
400
616
104
421
726
597
375
136
459
515
70
857
906
579
871
66
968
716
538
736
845
220
284
434
780
570
894
874
694
655
564
956
992
699
108
699
731
447
6
294
116
763
192
630
956
901
775
836
896
714
909
823
496
635
719
898
489
752
243
963
995
856
428
940
473
610
960
223
793
346
992
411
531
945
287
914
205
319
683
612
625
956
792
83
564
840
406
241
934
962
708
778
871
872
129
577
299
10
511
758
101
33
227
143
726
846
348
231
408
919
550
911
154
27
288
758
746
629
722
263
367
912
469
489
321
932
616
709
852
246
907
362
618
22
428
279
286
910
802
740
222
870
373
180
847
357
17
272
9
867
854
26
456
800
332
54
310
590
652
135
594
430
943
174
584
574
825
307
759
512
831
855
482
897
301
444
223
124
733
594
776
472
380
609
112
78
322
518
101
91
83
157
88
228
951
901
273
567
983
309
313
25
287
693
424
961
31
948
801
232
496
963
703
951
778
285
32
941
594
330
371
274
549
342
900
591
360
907
248
166
957
579
309
614
675
129
253
600
184
755
74
467
475
650
592
987
387
943
608
233
891
919
223
419
17
959
94
643
511
254
764
213
987
757
415
879
525
831
886
705
902
14
832
268
13
797
668
134
105
285
78
312
874
532
624
359
766
132
622
279
403
43
471
483
45
225
903
200
507
811
676
57
614
874
345
997
306
929
885
597
97
701
582
464
753
305
498
530
297
279
673
282
216
234
186
688
976
244
831
212
442
282
876
316
487
461
225
505
457
294
585
695
43
643
820
412
221
295
333
264
634
393
487
380
786
32
350
72
410
958
968
308
846
510
267
863
438
715
484
442
542
271
274
54
505
963
664
347
525
939
919
325
561
707
452
941
277
487
503
304
1
984
118
535
741
510
805
634
74
618
501
585
929
341
789
222
194
594
968
982
726
59
892
521
633
91
110
826
624
894
110
982
303
572
603
57
381
988
188
379
996
49
446
187
169
264
444
327
331
140
961
23
263
75
444
764
459
140
73
818
777
274
766
37
103
946
663
951
279
569
889
476
610
993
253
800
233
893
885
515
267
656
736
503
23
414
831
987
363
223
271
701
76
279
648
943
501
618
182
230
402
382
416
689
574
63
956
800
89
214
204
324
195
313
916
718
713
58
717
364
412
365
497
415
415
522
449
919
155
976
308
696
418
115
114
479
211
7
293
149
402
391
810
896
51
318
616
824
587
498
217
234
59
753
560
732
316
859
222
277
226
641
115
111
781
212
682
5
706
840
664
806
94
438
975
989
880
787
196
189
424
870
553
715
143
338
500
183
990
44
737
355
250
435
658
521
430
871
441
346
416
778
701
526
688
719
271
538
781
964
183
59
261
190
930
26
481
137
138
751
81
335
870
407
983
108
887
491
329
479
74
539
204
229
204
318
894
142
852
460
285
475
481
388
738
667
359
756
228
941
450
380
125
251
582
849
553
48
340
951
527
249
137
957
478
259
549
573
686
350
556
225
851
617
57
907
150
295
529
745
740
354
147
785
854
476
345
954
110
109
346
734
870
675
374
288
797
154
393
402
78
670
701
613
925
308
526
985
822
178
839
205
678
720
457
955
278
244
796
255
825
205
587
736
762
795
924
804
72
210
332
426
980
416
356
419
920
980
843
164
641
363
742
993
957
671
435
878
913
68
995
563
47
649
481
979
287
638
556
236
970
897
935
279
104
209
682
115
210
110
686
59
21
511
649
914
98
295
640
923
777
732
620
131
743
111
624
273
240
406
885
902
135
859
596
903
268
987
204
730
176
126
439
442
966
826
513
857
975
34
101
944
947
400
957
47
111
801
158
470
464
831
631
466
645
301
921
55
320
425
167
148
525
689
793
409
135
215
657
561
392
793
361
325
972
426
393
529
421
36
147
659
435
106
657
59
411
432
428
130
227
538
694
505
454
903
621
984
387
957
370
897
722
699
515
583
906
27
445
760
640
582
797
604
961
672
785
9
714
431
598
575
440
244
913
168
352
360
136
289
33
48
855
509
993
944
95
953
6
30
843
209
181
681
791
859
430
741
152
610
719
839
172
822
263
82
237
94
401
58
348
501
105
18
330
681
376
108
39
527
462
416
872
561
696
279
787
589
982
47
517
496
230
330
872
560
33
494
921
233
172
629
997
998
38
285
642
418
783
437
795
458
442
726
827
556
232
587
204
630
564
381
888
623
619
77
75
959
503
319
788
463
810
763
699
631
889
61
835
437
260
781
880
669
505
183
532
799
215
788
643
325
422
743
178
334
798
461
614
216
153
15
576
298
262
822
765
689
337
347
208
184
434
118
312
161
381
156
465
642
393
974
821
957
667
11
594
831
862
746
990
517
914
917
646
598
210
189
799
469
291
325
343
325
116
398
941
392
180
557
902
282
679
618
537
894
379
128
882
195
327
656
950
381
289
171
565
328
97
570
851
630
150
182
898
662
94
199
972
933
416
991
329
541
427
121
260
807
161
377
640
846
861
575
807
336
312
905
123
600
55
166
4
340
343
651
468
5
489
316
975
928
924
356
731
601
408
561
228
995
77
303
572
738
347
513
841
261
393
734
731
316
132
608
781
186
845
286
888
17
170
627
378
388
259
948
431
250
510
638
628
300
652
85
900
13
295
781
185
415
122
809
37
510
558
419
285
66
116
158
40
123
783
689
405
572
845
885
868
424
405
655
799
444
547
643
258
45
967
167
987
867
737
744
644
435
83
976
36
47
111
636
774
76
501
345
846
344
944
690
115
958
637
900
430
139
253
431
143
612
302
645
234
452
973
95
480
601
528
227
813
132
687
935
43
530
595
545
907
723
838
790
943
522
808
459
763
540
414
492
217
620
898
827
851
503
412
570
338
824
166
310
504
127
908
964
122
751
52
279
635
653
592
135
804
194
978
961
563
995
238
527
228
117
959
754
446
307
504
10
961
57
584
964
17
108
84
466
601
125
621
116
735
216
528
562
34
783
241
915
941
536
559
896
297
740
344
493
868
401
827
199
974
290
378
83
626
181
726
316
37
874
640
474
412
580
343
981
658
986
139
216
479
967
568
713
188
38
664
553
243
297
273
935
624
284
476
66
738
933
11
684
489
966
505
682
305
848
149
994
200
537
996
842
104
305
99
702
663
104
467
232
319
938
756
664
217
973
264
778
795
8
994
917
595
362
262
594
754
30
888
489
292
153
16
212
706
987
637
332
406
962
729
412
504
999
220
0
985
266
606
926
170
140
624
663
139
957
989
108
79
987
542
941
151
159
761
892
139
378
936
774
202
151
90
756
328
960
630
161
179
497
195
881
987
824
836
690
441
28
406
96
100
316
406
412
928
455
687
984
897
106
605
826
937
217
352
386
753
953
775
679
605
166
585
464
529
830
555
522
120
999
196
178
675
8
149
788
839
998
489
647
314
664
45
253
18
805
315
906
587
861
815
265
113
507
677
541
637
437
118
11
959
954
775
111
430
631
863
235
143
309
656
679
450
640
945
501
470
533
797
94
644
683
92
179
220
895
583
650
46
43
501
353
9
526
65
790
365
734
184
831
524
281
562
58
846
505
476
511
428
516
933
852
317
685
294
917
175
354
985
999
925
356
246
179
910
649
6
964
370
63
996
317
531
457
825
669
437
746
452
595
514
377
922
571
33
958
988
175
840
434
38
629
196
470
679
779
111
133
727
404
686
160
139
731
141
448
631
522
371
212
832
626
678
961
292
112
193
133
12
980
71
670
597
871
48
581
284
253
607
734
489
241
677
456
205
860
525
902
682
948
568
745
109
464
455
890
837
235
916
371
245
80
743
908
223
295
829
689
660
535
632
449
481
124
915
464
14
242
614
415
47
848
634
40
282
949
439
218
404
388
662
53
884
557
538
178
191
81
44
678
334
533
533
877
105
98
503
53
578
432
164
703
409
921
177
38
17
142
372
493
967
432
694
514
956
272
614
799
983
486
80
556
762
717
985
220
354
948
644
801
547
887
73
250
353
160
455
144
701
840
840
118
32
295
684
520
525
727
482
711
314
94
963
500
205
703
977
72
827
230
801
293
858
716
853
522
733
150
159
702
314
36
521
539
430
407
772
566
136
399
142
86
105
651
256
70
993
94
392
929
979
949
893
237
699
926
308
282
628
570
341
531
688
89
16
56
72
299
636
783
950
176
10
671
763
824
889
910
651
639
844
61
190
828
281
700
492
497
968
551
621
91
865
230
885
698
196
705
136
146
968
209
755
973
274
316
504
64
254
101
533
235
885
547
630
89
982
678
356
14
898
841
805
52
13
881
822
853
491
69
247
246
525
329
633
460
506
635
699
501
817
820
57
610
584
234
548
209
956
611
7
923
257
17
583
107
286
792
738
374
217
493
836
278
278
549
814
503
770
289
806
481
945
105
7
857
221
255
837
766
994
169
80
950
894
183
735
810
427
615
373
996
213
328
245
949
498
907
374
847
57
843
184
848
136
421
994
838
407
627
82
949
213
550
834
902
812
765
574
833
458
546
397
267
167
723
900
654
136
162
654
47
248
921
833
287
449
152
798
878
81
66
358
406
149
396
62
972
376
935
416
24
844
617
706
763
416
665
700
455
924
12
580
131
303
611
417
839
675
674
618
498
578
464
168
37
719
637
115
620
886
596
957
38
191
825
957
227
487
640
499
553
112
802
829
994
436
881
427
68
554
4
708
462
444
471
492
937
410
900
471
771
300
463
651
623
889
283
911
474
715
637
673
837
438
520
405
298
390
549
570
960
756
999
753
934
701
150
932
676
304
454
121
813
802
957
426
752
238
26
481
784
928
426
350
778
919
154
363
298
444
50
697
574
870
80
84
106
618
515
585
947
423
154
910
395
246
929
382
371
818
958
723
216
185
325
389
398
922
591
710
883
12
976
880
642
664
219
699
518
707
613
419
275
880
107
307
889
694
847
642
929
331
927
421
31
906
296
39
900
128
62
751
218
404
783
731
915
323
185
679
588
260
167
757
985
534
690
394
465
921
188
412
191
616
244
308
356
521
512
379
972
545
356
293
967
207
29
535
847
699
806
462
390
771
614
573
519
818
425
314
452
245
868
758
59
121
372
220
367
215
529
211
817
797
206
482
503
603
322
226
500
679
532
577
979
820
204
149
36
288
706
332
209
806
279
790
385
422
132
353
507
144
821
875
463
669
819
254
909
838
985
569
636
466
835
20
736
323
730
985
896
143
243
501
986
915
941
195
882
397
38
237
716
597
451
743
371
790
332
539
592
975
613
325
441
871
265
206
766
156
134
161
939
892
955
94
147
574
182
786
716
510
936
201
650
251
784
598
309
730
305
122
950
779
666
759
644
826
682
343
156
495
877
364
860
606
703
28
421
176
206
971
833
658
508
293
413
480
691
316
273
666
226
446
776
538
814
199
338
894
263
410
549
692
712
472
979
562
485
206
411
466
175
758
575
698
507
789
346
851
128
130
964
405
286
297
589
364
653
666
333
275
630
273
764
787
186
203
874
442
525
893
257
548
32
645
66
689
114
870
859
829
146
455
126
922
553
272
161
250
854
386
635
789
618
871
216
279
171
660
934
623
19
414
144
364
434
687
232
683
342
817
294
415
982
820
28
610
301
256
342
614
994
817
296
689
15
465
163
985
499
575
10
151
420
505
63
503
592
27
184
168
670
154
239
337
988
37
296
978
777
590
948
863
106
690
964
778
415
488
541
802
831
358
978
850
689
988
29
41
920
977
63
554
468
777
410
695
947
628
432
82
412
217
171
344
674
540
530
88
794
581
906
996
287
275
787
586
405
219
72
99
399
241
226
476
343
100
909
542
45
183
352
295
989
576
665
202
228
308
67
648
390
337
232
511
892
177
28
362
966
223
946
514
462
690
750
989
736
112
604
361
212
848
782
774
801
250
799
340
340
495
6
833
777
849
278
835
737
192
644
163
244
880
68
235
827
742
806
364
589
89
47
468
611
618
688
463
311
874
831
565
328
430
257
573
559
221
277
768
470
149
918
702
488
696
77
159
767
101
643
85
641
709
323
591
233
188
674
31
596
609
910
592
262
84
776
340
509
781
847
284
249
89
169
985
956
770
685
288
534
302
982
236
582
296
506
970
566
117
331
392
87
456
852
882
487
298
6
774
221
302
891
767
541
320
39
889
739
706
404
95
516
922
356
858
654
318
228
371
800
135
393
629
247
449
317
339
920
266
796
769
6
633
571
278
934
543
969
988
956
144
837
949
70
72
36
466
984
94
603
548
185
101
469
641
249
41
807
100
994
859
642
756
448
201
527
218
812
559
580
476
235
917
494
486
419
505
869
871
691
319
121
989
337
424
229
327
174
345
938
40
362
179
594
149
757
108
972
715
482
804
184
609
908
814
563
637
131
186
406
429
145
540
755
25
904
413
337
889
941
912
916
898
298
239
332
132
734
448
926
930
651
434
191
750
523
522
2
742
266
25
21
779
440
181
775
61
900
915
710
302
147
406
329
243
392
139
960
455
422
259
808
665
216
432
238
839
281
324
740
855
530
85
172
983
141
429
328
430
995
799
449
346
0
540
338
374
242
720
622
429
298
158
807
471
263
941
42
112
594
693
920
586
101
867
668
407
866
844
984
882
531
339
859
351
370
139
761
762
150
788
607
913
11
153
640
296
802
447
771
602
719
219
643
968
739
355
643
757
263
951
867
358
642
160
701
28
981
567
467
520
117
749
844
13
585
711
106
554
553
56
665
274
304
300
477
67
810
746
885
522
836
33
875
304
875
395
252
905
22
154
460
305
772
542
964
934
867
989
339
279
67
52
750
554
405
14
857
956
285
502
374
629
708
207
872
33
230
49
532
144
124
450
581
515
146
661
198
486
509
836
207
89
830
67
694
884
897
786
696
994
861
490
169
224
441
482
952
593
148
143
974
409
982
229
310
688
888
942
669
353
648
912
396
701
409
327
266
38
365
577
978
698
388
167
52
475
107
325
252
390
939
77
880
77
686
956
12
280
769
650
761
713
181
850
219
132
600
656
938
928
547
718
826
344
442
673
37
727
460
792
230
995
37
445
98
840
177
632
850
616
11
152
539
711
875
601
784
337
454
430
853
123
184
445
692
746
25
291
806
203
229
431
921
33
245
266
287
401
268
399
546
960
925
339
37
216
614
786
744
54
728
581
846
974
680
691
458
671
956
161
92
445
437
831
965
721
719
678
313
530
141
246
328
953
750
683
183
494
628
639
346
880
400
222
748
750
841
853
938
878
657
91
329
90
560
682
166
95
820
803
552
20
799
84
571
978
852
964
834
71
801
780
983
601
720
971
802
794
192
694
35
614
11
210
368
360
947
259
417
599
514
763
441
503
532
269
273
127
151
120
685
127
946
991
501
272
427
692
322
93
977
173
149
11
778
184
165
872
726
882
393
92
107
659
87
896
623
578
569
386
424
670
77
475
611
345
982
91
24
610
578
765
353
625
952
658
654
916
160
99
366
140
971
930
738
213
576
120
162
44
859
611
367
160
716
348
586
548
60
723
420
885
849
237
205
56
685
800
911
111
398
918
296
316
475
951
991
297
963
790
748
66
232
440
611
222
51
973
495
705
777
677
53
838
374
816
699
2
435
586
743
936
528
883
129
913
315
387
884
892
994
214
470
229
719
686
924
361
453
224
407
842
533
343
800
912
596
843
626
656
280
848
354
751
913
780
32
180
732
437
61
939
0
766
75
840
2
971
171
232
909
784
539
93
400
767
631
997
763
191
668
401
607
85
59
275
457
114
348
539
883
206
457
910
248
913
854
23
762
269
50
549
406
15
918
149
530
118
856
59
393
672
167
879
460
424
225
263
745
852
884
403
542
595
152
65
213
185
134
108
