827
163
563
522
252
984
718
383
961
844
152
126
312
173
867
975
967
779
211
387
137
463
14
74
813
861
679
55
608
209
643
174
601
673
400
887
29
374
721
164
899
339
11
143
662
107
545
679
425
131
661
135
589
809
372
54
937
833
516
324
310
784
668
987
404
410
714
246
4
244
122
865
581
662
616
229
233
495
775
720
292
192
92
262
533
395
598
426
711
10
15
584
627
824
713
991
770
508
194
972
45
557
318
1
332
894
518
285
102
981
534
819
628
209
249
738
294
417
144
514
332
23
414
825
850
771
952
527
627
416
200
496
435
105
699
743
81
169
842
542
2
159
603
210
265
771
872
245
840
542
836
175
37
704
874
723
850
892
227
505
58
467
777
106
869
611
539
527
532
836
94
713
124
988
763
329
732
400
37
406
60
283
512
478
172
917
659
258
342
951
857
510
10
863
150
11
192
370
309
926
109
588
951
939
731
515
40
837
168
16
670
750
3
32
40
999
253
997
316
39
516
667
475
818
465
278
271
820
148
99
709
340
604
164
203
388
714
218
624
586
366
766
572
360
784
55
354
448
413
30
587
742
655
168
658
399
104
255
874
932
319
675
749
528
439
384
471
334
580
833
630
35
527
766
276
112
717
437
49
404
299
42
493
824
793
565
600
200
731
173
876
637
912
31
626
73
563
138
508
491
2
321
873
200
444
23
895
404
236
286
494
289
827
31
432
418
280
895
412
665
467
26
406
339
837
930
20
532
780
687
571
489
55
487
279
310
697
37
486
428
912
102
841
850
897
996
628
413
743
953
659
504
840
545
316
614
307
366
906
540
357
517
970
779
629
85
201
861
939
423
789
237
136
372
258
443
909
569
731
475
134
978
715
987
977
443
991
328
137
197
308
952
682
998
648
113
123
400
218
675
594
317
56
324
772
731
593
204
811
709
162
15
618
973
150
792
605
413
483
959
203
154
982
62
602
188
346
724
260
974
654
893
113
335
544
856
25
70
171
420
58
622
92
494
194
788
129
776
438
458
415
548
111
76
995
590
185
300
209
92
328
368
464
795
103
532
21
301
146
275
740
564
748
137
693
469
265
500
450
995
312
699
328
46
408
919
276
166
821
122
815
457
587
95
239
276
609
207
317
522
961
672
335
43
373
910
334
923
979
180
10
428
934
363
90
860
648
704
37
941
68
537
722
986
588
124
834
299
918
293
90
718
237
840
912
964
971
360
315
102
737
271
11
387
597
312
546
255
70
135
898
262
528
332
703
994
608
298
976
11
57
209
109
252
579
689
51
549
309
892
913
388
517
22
394
785
831
455
946
263
658
741
662
543
21
114
310
321
291
692
401
933
518
352
385
771
838
14
302
85
422
136
564
837
660
235
813
912
359
569
789
489
823
907
726
190
931
949
826
883
122
572
717
474
832
727
615
894
161
438
27
661
588
11
88
129
396
6
475
273
569
307
562
53
903
67
285
674
360
978
184
334
200
435
114
199
847
729
445
334
261
985
895
109
275
757
757
858
428
732
560
25
656
603
331
120
709
256
879
60
217
222
168
749
481
316
451
29
935
78
388
910
250
785
628
514
212
318
467
919
906
878
9
608
366
710
94
66
341
398
961
523
792
988
974
648
295
905
867
410
235
212
307
436
161
899
688
778
594
783
564
716
498
562
540
645
327
53
416
418
49
369
549
73
377
883
527
241
132
723
576
232
941
524
646
993
839
449
556
146
140
531
231
837
543
487
491
889
135
674
122
18
277
312
593
872
166
167
803
503
255
522
789
659
272
758
752
116
305
323
781
13
31
481
114
618
445
654
380
227
167
183
119
497
576
767
767
821
816
602
969
780
317
71
908
500
331
733
108
568
951
57
763
386
58
318
874
185
639
302
188
872
34
751
173
851
220
277
180
460
586
929
407
151
123
35
309
317
75
27
825
903
356
429
466
473
464
47
250
870
782
276
848
31
91
245
701
978
623
254
518
22
816
275
816
849
550
46
846
413
16
729
469
553
21
607
927
809
368
458
737
18
457
677
500
276
145
207
608
927
568
557
657
434
840
370
408
310
768
793
190
525
51
283
496
3
701
92
867
338
178
801
675
497
0
118
896
537
535
900
491
584
473
718
196
451
987
699
842
969
593
145
239
404
720
257
18
910
158
49
369
412
336
397
630
748
449
657
208
57
881
975
130
271
677
844
331
203
90
480
447
793
557
952
159
716
736
44
401
790
982
989
934
306
380
599
746
593
410
842
431
748
402
783
196
857
301
859
36
861
880
605
607
574
885
212
359
638
323
849
383
89
810
756
498
153
524
434
123
892
398
703
962
356
32
818
462
745
847
823
854
458
719
355
961
815
734
64
187
939
211
704
453
106
91
488
962
581
387
730
932
814
265
466
500
999
59
983
30
937
224
748
724
905
494
42
325
722
368
885
377
11
393
565
849
7
59
100
916
438
392
395
940
740
282
639
869
833
924
508
207
14
939
57
831
261
798
699
501
793
513
5
880
159
76
485
267
72
355
117
887
627
19
887
705
268
164
651
748
688
250
859
206
719
605
513
126
279
419
552
916
56
58
993
168
210
208
377
583
994
810
594
568
0
387
241
625
371
743
496
856
551
852
135
963
61
538
692
515
431
934
546
406
448
949
713
548
246
654
76
536
103
750
392
208
28
563
511
521
806
113
24
53
475
7
25
858
935
205
124
611
570
406
595
375
332
223
779
138
672
975
958
997
933
751
790
187
42
764
713
113
739
237
733
944
843
458
882
527
887
570
551
572
283
700
218
581
550
637
835
716
565
298
5
200
357
764
326
497
132
774
658
836
84
178
103
321
112
538
963
878
580
603
155
584
99
916
54
72
319
362
587
601
91
956
198
216
110
302
279
922
665
901
419
998
211
652
977
122
308
836
484
279
69
451
51
991
731
963
924
104
522
428
405
883
217
131
107
786
854
807
896
530
674
882
356
971
732
955
536
246
890
563
825
526
838
423
940
810
162
925
674
901
872
6
968
496
949
799
763
230
420
19
745
459
415
773
678
41
145
875
125
413
365
915
878
863
489
32
719
673
923
308
759
184
44
382
87
752
488
237
209
785
713
533
790
8
851
148
656
276
940
327
119
560
328
982
675
426
345
885
374
180
635
555
877
18
944
906
438
240
188
185
281
285
652
451
824
945
650
868
945
100
907
652
244
181
548
735
582
428
24
276
641
958
79
702
999
459
245
209
891
578
948
103
321
401
119
270
368
403
453
963
47
443
972
643
78
992
659
186
14
133
216
695
285
660
16
675
56
83
471
91
21
678
48
947
930
387
769
152
90
179
164
632
978
879
324
43
77
451
131
431
791
326
555
854
522
706
572
658
815
91
196
453
505
667
406
904
247
985
732
50
115
79
153
132
892
720
748
263
615
466
623
157
432
54
698
843
14
147
523
527
203
849
980
611
213
932
714
527
933
657
259
758
471
492
710
803
97
876
502
525
719
919
286
178
418
498
474
563
242
860
936
884
930
694
612
493
758
612
297
347
572
166
666
621
848
545
347
378
380
16
631
518
845
120
701
63
823
288
149
189
631
683
673
706
73
146
441
206
848
25
427
174
52
283
31
394
637
714
729
497
151
974
66
256
474
673
150
268
535
885
698
496
209
726
770
240
767
937
463
755
296
645
782
447
461
249
930
10
928
553
199
9
350
238
448
366
939
212
904
855
249
138
918
259
124
181
161
207
130
147
301
167
237
528
732
704
944
309
321
124
38
781
640
199
427
739
436
248
227
463
97
891
819
50
909
116
132
580
792
43
652
37
263
811
70
76
840
615
13
812
314
624
69
49
592
602
383
850
924
255
77
422
433
487
878
196
621
562
561
8
275
328
200
800
158
869
482
356
985
900
423
592
23
970
216
751
344
11
99
740
388
792
400
731
76
942
626
318
483
767
719
791
209
877
458
853
46
968
222
752
840
539
781
380
11
497
95
270
645
434
918
430
32
602
779
936
60
558
835
157
373
307
41
770
344
29
608
749
822
407
495
75
268
258
646
643
812
47
350
493
486
403
544
947
400
171
173
713
985
201
103
828
872
958
254
388
807
102
485
71
490
410
255
965
121
810
28
225
912
384
864
851
496
437
569
724
582
238
66
621
529
497
469
367
193
694
759
965
882
954
819
647
348
994
508
994
684
720
659
350
49
740
278
307
490
226
788
779
101
287
592
5
271
154
955
896
628
847
109
39
773
492
496
714
855
83
997
833
727
526
431
748
48
876
665
409
148
34
948
986
829
613
690
163
661
642
641
794
685
69
941
877
729
74
919
741
112
932
728
612
957
370
860
915
284
673
288
214
47
523
733
766
536
815
941
931
715
797
891
435
35
298
376
413
686
237
107
547
86
46
355
619
488
176
184
663
306
67
543
226
824
174
219
674
900
146
843
631
848
437
17
262
233
346
173
964
327
891
867
139
152
330
614
109
9
485
290
972
264
593
388
229
44
258
926
84
414
919
77
323
872
142
508
357
582
555
291
688
456
509
471
197
445
423
221
829
192
197
610
700
69
321
561
394
738
170
738
652
290
702
691
199
281
550
622
317
342
403
233
363
902
940
512
224
50
404
845
340
409
856
139
718
973
155
776
784
913
594
281
345
190
554
97
605
397
874
760
354
1
98
948
436
730
860
467
826
425
908
339
680
4
784
497
672
161
433
900
861
644
698
918
483
60
529
299
230
75
154
411
452
337
914
586
986
894
632
403
287
767
43
149
380
285
3
786
574
455
88
788
562
879
831
584
204
904
975
420
378
784
43
662
246
557
559
747
281
571
704
759
405
375
296
89
903
439
453
284
268
121
56
139
733
736
405
677
856
606
442
396
3
238
606
715
43
487
428
243
511
663
530
92
641
930
988
153
704
456
77
319
550
748
483
157
103
283
738
977
958
611
317
958
331
601
970
670
992
23
42
741
452
551
897
471
290
22
565
6
368
995
200
163
251
754
402
746
313
497
970
545
916
58
929
636
60
742
523
667
364
946
407
884
600
676
921
334
789
341
626
104
400
727
874
536
428
548
2
410
340
379
330
594
920
299
931
277
121
488
757
439
553
926
620
174
649
354
362
0
562
139
696
408
125
896
723
320
198
837
101
215
29
314
396
684
722
990
329
504
922
992
454
982
788
661
413
875
754
966
152
119
332
850
6
485
320
775
716
959
554
897
395
383
603
558
566
566
608
955
649
792
346
501
440
596
379
196
2
709
336
727
398
256
224
246
628
523
634
846
81
204
75
74
792
318
545
436
732
249
207
414
244
930
791
685
434
185
347
353
548
516
405
652
894
838
341
570
770
722
365
417
635
740
498
201
353
540
847
411
740
340
546
317
966
406
635
978
315
308
956
23
396
904
599
927
783
376
985
848
237
293
226
836
962
245
750
548
958
350
188
394
375
321
252
95
87
466
578
504
668
708
964
76
18
510
575
325
25
182
877
501
847
1
864
782
539
79
712
860
870
28
727
946
179
132
19
359
729
480
59
970
62
258
921
945
471
924
416
703
662
821
214
21
575
166
193
623
410
872
447
888
426
131
989
303
750
79
210
503
2
121
293
76
522
215
348
403
471
416
716
136
936
999
965
500
534
586
411
763
968
556
839
754
382
516
20
351
43
333
857
372
191
610
176
783
301
245
679
37
361
250
758
92
714
436
887
780
474
558
632
785
431
977
290
725
144
350
822
965
838
631
229
342
228
16
518
34
998
651
310
933
326
138
523
150
119
919
387
540
829
282
180
108
566
168
838
247
886
529
872
453
486
17
938
159
248
524
728
508
509
496
612
606
917
189
495
750
704
796
578
382
383
678
546
535
685
249
434
772
151
647
973
970
798
69
716
161
95
290
416
162
48
460
129
772
475
954
677
994
736
863
223
329
871
863
383
795
440
867
241
465
812
519
964
567
535
187
736
377
132
415
723
723
10
117
132
329
680
941
564
163
669
255
438
917
726
415
705
479
339
967
17
656
442
83
242
336
743
784
34
161
765
149
288
615
877
394
90
697
777
245
626
491
49
937
676
292
335
494
412
488
528
211
228
25
849
365
763
753
112
939
800
1
696
306
421
142
960
492
203
948
761
42
773
905
35
329
58
43
347
977
188
518
740
753
391
789
351
166
584
577
735
139
763
87
229
539
807
883
213
618
297
570
9
309
891
238
373
624
808
183
67
264
331
996
218
406
200
929
163
910
400
600
480
562
323
893
918
997
8
921
486
990
614
370
5
680
850
83
783
226
883
747
306
119
857
79
634
26
423
541
934
300
704
413
201
76
166
653
431
831
587
452
68
290
74
772
29
832
174
5
537
797
384
475
207
656
8
561
763
390
181
191
403
391
677
131
5
505
111
99
537
483
209
318
460
195
779
171
117
520
257
663
834
352
723
738
603
754
464
594
493
283
741
822
247
348
650
467
462
215
26
915
599
530
953
230
832
86
584
3
814
957
682
482
979
409
208
869
113
22
173
222
406
163
136
173
97
81
751
166
630
328
590
821
545
4
149
969
183
129
229
345
519
940
483
829
406
764
638
453
882
277
850
850
727
496
88
726
100
183
604
275
711
232
324
495
262
657
413
888
28
227
353
264
858
853
253
721
568
83
32
938
182
475
214
816
611
884
953
504
184
782
324
300
659
325
637
135
648
414
981
345
69
643
226
676
734
549
404
78
630
134
796
259
699
347
349
355
710
64
162
585
375
951
400
983
644
563
620
665
783
864
645
47
615
320
239
601
119
236
454
336
981
805
883
389
37
636
959
825
252
393
46
650
758
466
542
558
482
517
419
961
962
658
594
150
587
733
605
737
253
729
451
198
737
775
898
105
301
365
695
190
868
630
105
405
650
792
197
289
871
932
279
15
846
952
98
813
432
910
639
408
978
206
683
506
719
23
974
71
871
879
707
669
471
551
284
94
35
164
443
539
860
725
148
57
496
471
969
548
96
402
477
174
175
495
674
434
944
179
779
713
581
110
87
523
69
123
965
264
840
983
44
300
283
964
561
3
765
855
391
457
370
999
769
637
847
80
604
625
883
875
826
660
387
508
331
963
957
407
40
800
374
796
6
56
779
759
918
6
294
541
966
476
649
18
124
288
862
446
98
888
11
419
904
846
8
181
268
573
986
607
848
917
530
723
121
562
840
500
936
218
37
908
672
883
976
4
107
521
247
662
16
603
718
633
280
261
307
69
66
184
583
311
128
71
711
695
929
8
170
657
71
140
861
96
659
734
417
263
921
17
263
709
555
662
654
731
92
723
882
150
552
287
947
145
124
996
973
873
379
651
334
916
221
716
783
222
217
283
511
676
384
809
736
42
524
561
741
304
703
773
265
170
215
992
181
930
15
561
316
701
724
257
408
417
827
527
178
49
61
49
546
821
861
554
117
577
86
239
335
369
649
926
771
84
38
874
466
464
703
944
47
407
378
231
561
858
562
186
132
281
499
170
339
760
212
635
427
55
92
240
410
681
167
34
317
423
554
94
131
28
868
594
779
568
844
863
767
981
542
717
467
599
220
712
764
620
141
915
686
720
202
120
289
639
591
881
533
853
766
509
409
994
99
118
721
159
983
381
108
873
252
718
609
509
529
434
456
479
551
162
642
744
899
130
584
498
726
881
308
99
858
710
282
855
394
790
516
949
61
461
307
449
251
110
507
681
683
822
188
14
764
716
203
361
154
555
425
309
483
933
486
618
128
331
576
9
82
875
413
595
506
738
268
640
346
829
906
165
377
935
803
547
197
751
99
870
949
381
849
818
179
992
585
717
627
500
304
690
540
901
754
886
80
321
698
133
861
569
691
931
569
511
133
354
645
47
30
962
144
184
712
354
775
432
734
158
687
275
809
490
718
360
777
502
253
562
563
399
859
842
295
50
369
759
95
245
507
571
0
421
922
0
51
581
247
317
567
219
894
481
539
996
224
716
661
190
792
904
618
250
390
234
733
97
497
530
689
531
289
920
417
29
45
104
708
431
331
742
344
208
469
916
301
406
613
71
280
776
867
842
258
617
280
930
11
81
910
76
838
926
377
950
95
726
448
946
414
997
704
871
464
174
493
219
54
838
481
8
621
269
364
380
23
887
936
503
552
288
647
531
374
292
500
956
139
610
809
295
394
917
867
39
916
798
582
702
479
10
592
123
829
523
236
691
77
809
654
558
896
832
929
996
199
298
967
419
787
938
420
155
966
625
304
84
200
685
543
586
102
242
364
119
933
122
76
148
114
967
892
258
17
302
792
148
556
743
943
788
595
501
639
858
393
789
688
779
11
812
210
844
135
759
908
749
954
229
9
598
581
246
72
37
279
524
414
662
448
358
886
735
479
749
224
521
875
354
990
278
358
661
438
171
825
990
369
646
288
512
412
368
394
850
188
731
296
19
798
616
480
76
452
250
120
466
183
310
47
618
513
991
938
250
137
56
822
684
492
987
338
231
77
160
760
935
182
814
193
433
153
614
425
118
302
248
434
429
404
348
999
476
482
58
410
314
77
71
408
548
193
941
884
167
829
559
766
422
661
393
577
457
680
139
178
229
947
118
998
620
325
557
854
893
542
754
464
20
141
916
111
277
977
48
667
859
736
731
286
360
53
877
356
173
478
657
192
541
443
243
714
12
503
165
738
679
672
897
126
229
300
358
936
475
905
473
427
388
411
377
164
547
664
673
339
782
431
789
601
195
723
670
86
599
371
389
769
766
467
492
285
985
209
771
945
194
272
934
653
514
422
326
495
779
980
57
816
365
93
242
908
857
179
924
165
6
711
338
183
26
465
368
593
40
823
789
617
667
300
368
80
141
806
983
837
971
203
881
369
793
357
606
541
72
942
754
459
855
462
466
318
681
678
962
37
880
107
208
880
242
38
169
788
819
249
317
295
18
884
169
45
710
414
8
864
113
27
100
490
95
823
424
689
602
141
322
372
564
899
387
274
942
83
378
570
134
145
75
794
224
774
818
592
769
375
557
932
345
332
419
570
864
525
282
655
652
206
268
92
990
90
709
616
372
52
553
104
957
682
300
392
907
517
351
731
119
492
152
233
939
596
470
530
985
312
901
60
400
653
890
602
864
951
134
237
428
630
286
985
393
539
286
149
848
86
7
150
719
979
232
717
637
41
189
280
824
926
957
511
554
89
16
814
224
447
564
445
312
22
489
498
337
841
616
73
653
507
796
934
400
304
465
614
462
765
927
692
992
359
79
244
956
392
712
413
73
364
591
612
300
693
51
652
613
258
470
565
462
183
903
472
783
349
312
244
117
559
901
68
618
513
530
754
762
896
838
624
346
251
747
267
936
713
580
926
850
883
142
39
70
166
206
294
227
276
331
606
85
584
658
392
939
201
915
399
846
293
749
547
567
213
240
134
880
171
260
80
926
147
147
269
513
297
932
907
880
374
352
910
310
440
541
917
952
504
774
626
809
957
67
570
663
528
864
652
514
295
477
765
519
881
384
284
188
484
977
946
701
73
310
943
249
984
828
322
641
888
557
28
242
194
859
716
6
87
729
296
798
409
123
420
907
155
388
796
332
974
649
340
116
410
733
607
367
365
903
365
549
755
958
33
352
695
551
756
519
434
492
103
714
792
786
989
558
112
545
206
554
298
898
173
832
269
147
590
161
59
405
811
760
126
66
551
408
361
54
887
841
631
276
387
597
646
807
560
321
405
485
580
234
637
58
114
783
481
518
873
928
214
195
314
697
268
949
869
964
910
868
751
192
512
85
81
203
185
520
668
553
314
863
220
875
116
563
175
51
878
901
743
901
65
644
165
165
796
739
776
893
862
776
337
258
927
834
819
901
454
662
760
654
467
833
221
737
407
595
618
623
219
141
745
272
336
609
204
765
231
747
294
15
985
614
164
617
741
72
411
315
142
887
523
752
479
469
7
810
714
541
786
350
152
971
146
643
197
196
359
412
775
650
874
922
107
380
884
700
413
670
182
746
158
45
901
902
389
955
492
80
430
847
263
541
132
859
560
845
929
802
507
985
281
68
468
804
852
534
528
603
150
680
131
153
429
160
989
306
793
423
342
158
99
666
640
791
447
21
950
698
823
592
357
307
255
234
958
19
920
899
708
243
212
588
3
893
78
219
524
231
32
457
570
380
123
516
112
462
784
282
666
761
917
225
673
746
545
700
881
396
973
846
534
168
992
785
442
956
742
630
293
895
138
183
869
753
624
466
993
467
509
414
283
730
725
830
409
212
58
617
442
216
813
338
560
177
120
57
901
379
865
81
751
826
154
102
630
84
63
623
43
756
543
209
650
495
789
388
689
822
466
478
913
271
646
348
877
123
307
431
579
996
430
621
42
131
201
869
111
885
773
967
306
578
866
371
817
940
14
719
986
695
197
24
802
61
618
598
961
23
576
682
331
344
200
795
523
281
164
960
219
946
212
315
747
130
306
285
604
374
607
82
835
679
160
107
426
44
957
423
204
298
262
135
139
535
679
536
6
95
509
974
677
285
340
52
541
978
104
138
387
167
611
484
941
169
604
485
974
337
684
810
376
227
227
773
440
722
770
779
591
415
538
993
960
261
497
240
628
55
119
831
831
988
713
495
135
517
23
104
933
130
21
2
607
728
418
147
510
953
327
945
459
635
670
670
773
725
324
339
158
222
224
746
770
819
736
706
863
40
189
455
545
617
12
154
252
186
329
529
813
455
67
926
964
972
779
590
42
757
628
274
384
517
79
440
221
739
813
773
119
496
607
408
42
143
6
405
321
148
155
196
431
929
452
737
597
667
391
831
623
836
195
866
875
855
747
900
157
431
334
759
965
167
492
0
14
872
329
663
697
659
243
803
332
171
696
302
874
429
601
431
548
193
696
59
724
845
979
314
867
749
912
642
845
387
101
743
977
467
714
857
95
108
660
32
537
564
32
47
678
114
414
953
256
886
791
473
533
595
454
394
524
110
804
729
218
89
597
326
821
427
323
573
361
394
761
983
140
252
296
723
90
802
662
347
891
929
62
531
905
19
750
882
107
867
714
491
162
519
964
869
146
680
83
171
814
715
712
634
885
770
779
202
142
245
926
976
601
431
289
460
837
880
504
128
347
832
545
517
139
109
137
526
124
191
324
209
644
227
217
664
631
184
599
189
130
678
4
701
310
999
576
961
111
489
303
474
358
201
275
800
823
790
156
799
280
667
261
517
412
15
637
577
760
982
855
329
857
512
6
642
215
527
718
656
717
627
367
949
349
727
528
243
776
315
922
624
437
877
155
12
806
263
890
356
744
630
751
888
443
414
808
830
724
311
198
841
162
24
683
738
519
340
886
656
83
49
817
140
199
248
315
311
729
809
636
157
587
400
866
5
622
864
37
246
847
656
968
117
918
189
740
647
963
662
263
69
714
192
78
776
472
24
735
446
384
437
364
500
221
117
742
560
641
580
127
959
750
987
404
718
647
306
917
876
648
297
289
32
765
598
430
67
887
437
95
535
704
793
272
488
335
477
798
343
218
765
817
255
425
565
889
346
40
568
494
732
654
218
21
994
285
982
52
540
573
582
375
812
531
320
259
934
477
123
278
110
810
716
487
720
269
962
990
245
306
211
637
149
41
453
900
742
214
191
584
205
688
51
764
910
821
162
546
419
494
274
585
954
357
595
882
430
50
342
939
314
5
853
526
812
459
740
836
82
182
670
411
25
154
888
567
313
157
524
794
326
13
4
697
721
122
622
55
381
46
983
226
101
463
86
684
708
745
800
767
886
522
802
698
804
30
687
396
133
740
338
271
870
976
600
484
277
455
884
917
179
697
812
157
378
728
759
105
579
458
113
467
226
104
155
782
889
775
627
276
956
733
795
703
149
60
726
725
451
710
602
760
790
133
292
879
458
725
274
197
603
908
403
908
308
786
69
667
404
64
894
778
261
311
974
789
666
347
650
983
108
233
767
723
712
744
95
977
213
739
890
85
546
846
169
461
228
949
519
647
158
466
407
298
658
459
4
549
182
711
858
273
635
366
841
313
792
568
905
64
739
368
142
949
462
819
430
28
230
667
547
63
223
162
69
868
477
542
144
424
281
461
4
560
406
852
851
298
623
86
719
502
677
331
457
108
424
698
401
929
900
694
833
142
800
719
823
465
589
422
642
550
946
581
211
434
643
119
115
810
521
557
126
120
822
611
912
578
19
981
356
921
326
221
678
185
367
854
21
123
372
334
95
606
805
151
877
409
251
171
609
164
97
363
251
531
36
439
119
678
92
567
372
519
135
254
532
488
29
289
295
422
485
752
262
795
296
528
292
495
490
60
591
509
847
171
424
655
137
258
660
689
564
273
732
327
187
1
875
49
750
851
81
822
289
742
190
715
747
255
341
938
703
337
450
289
124
475
920
860
28
908
957
277
110
434
340
79
389
866
342
122
562
998
180
112
795
264
16
915
437
843
891
283
481
697
436
679
52
872
845
57
838
614
106
717
335
540
765
401
384
922
785
140
697
126
726
276
871
41
71
89
565
975
991
680
364
945
445
63
797
330
629
592
807
244
109
372
282
419
887
884
361
941
213
371
42
172
439
909
720
803
730
670
53
219
991
212
678
803
369
106
191
575
109
559
201
188
796
392
555
673
922
989
900
44
204
640
446
698
567
191
279
352
756
993
843
138
1
851
663
139
898
267
792
611
48
477
344
119
256
642
492
843
708
300
16
583
68
934
517
355
786
812
422
246
146
332
373
104
673
189
724
876
75
404
13
532
947
508
388
679
22
895
343
849
615
367
809
17
244
925
576
956
713
743
226
326
607
129
902
83
181
558
416
814
888
656
147
81
825
408
536
442
578
442
902
833
93
991
826
170
204
477
412
243
250
687
329
857
854
723
319
657
390
21
533
780
418
759
288
427
818
561
683
166
590
454
443
502
78
843
996
873
609
44
787
36
73
468
351
335
311
450
416
837
228
727
395
487
626
262
296
452
884
46
605
662
846
376
229
973
295
491
663
208
409
662
611
987
795
280
252
529
290
98
55
791
15
897
417
91
94
891
746
327
377
1
75
508
434
251
706
72
531
642
724
625
47
74
946
804
815
479
248
3
626
991
253
559
762
766
447
152
458
772
121
491
744
817
934
550
155
347
76
749
511
401
707
672
688
126
699
472
975
571
574
881
232
548
515
512
640
792
640
726
758
518
369
864
602
895
942
701
219
965
484
346
317
342
515
274
878
584
702
533
457
775
889
235
698
782
295
594
398
304
358
724
548
596
173
852
381
623
86
442
17
739
963
491
714
967
495
586
227
327
323
157
553
838
194
999
74
263
270
29
505
365
352
598
178
724
486
831
695
254
718
703
529
206
565
449
800
791
11
738
128
653
372
704
887
737
614
101
992
402
484
822
291
368
494
229
55
888
726
989
844
435
306
109
215
85
578
600
362
973
662
667
597
447
483
668
349
852
163
532
293
935
207
678
455
100
976
543
925
420
463
97
513
907
611
683
959
983
171
701
995
457
119
622
889
641
593
847
340
589
46
570
418
474
754
205
112
302
364
786
114
422
904
322
531
191
329
841
375
779
441
595
562
567
504
627
852
100
978
706
501
145
557
279
848
720
390
254
821
607
937
237
384
320
175
538
49
469
606
110
616
793
615
122
247
258
348
367
627
51
772
749
355
463
165
721
362
288
780
746
970
502
211
694
197
404
224
125
364
501
437
690
126
893
737
585
614
563
234
971
857
291
909
312
397
673
724
128
852
911
118
917
15
479
711
766
445
752
15
443
744
493
660
638
779
342
184
872
771
116
936
849
417
437
819
316
762
494
43
488
634
345
630
306
821
661
802
252
207
59
776
266
735
876
347
356
828
981
953
754
976
466
578
612
101
967
169
918
147
64
72
276
448
256
173
852
449
563
593
518
91
1
235
658
267
700
539
31
304
534
212
684
680
707
248
898
787
745
21
247
781
716
829
790
234
640
303
631
261
558
650
240
335
197
581
936
66
601
240
205
159
531
523
288
972
500
605
894
882
989
813
900
336
905
8
28
152
283
216
337
447
299
716
649
256
958
810
80
279
756
667
401
857
383
155
894
842
390
143
107
986
910
375
88
89
325
156
575
505
87
302
849
347
538
560
448
611
345
246
584
830
834
960
601
564
275
762
265
482
420
183
425
521
793
123
208
319
919
877
488
369
825
23
288
791
93
614
356
883
906
751
589
782
445
716
326
469
66
413
320
979
427
187
14
145
593
246
697
592
389
38
395
375
834
15
79
902
83
233
372
689
755
960
747
401
902
977
618
735
102
814
491
476
432
832
56
947
727
842
928
354
157
356
506
728
191
249
45
939
629
714
534
421
558
841
385
741
449
732
751
179
290
885
554
291
338
685
212
519
43
538
715
525
36
758
258
171
606
304
858
597
943
181
651
744
249
215
431
120
643
494
797
439
566
218
789
137
423
237
365
147
577
969
30
885
230
992
75
257
284
132
382
178
723
683
822
664
101
35
643
660
805
911
713
160
857
853
927
30
561
498
325
967
874
627
601
586
667
385
101
179
250
535
127
158
440
686
435
140
62
101
736
194
952
643
849
143
317
997
660
414
365
379
254
926
494
675
246
815
680
57
743
221
679
138
375
750
767
988
563
765
882
449
160
17
367
161
470
81
605
100
42
911
258
739
876
357
569
662
892
671
657
404
350
382
923
922
75
389
966
66
419
763
742
438
66
941
387
692
67
925
55
573
82
358
452
648
952
256
8
554
842
18
262
923
544
922
470
133
429
513
915
898
140
103
271
278
399
806
738
341
192
955
401
122
803
398
172
844
346
821
384
902
471
977
266
924
550
296
404
903
191
546
102
714
507
133
863
311
929
470
2
144
82
495
560
718
864
137
272
624
648
641
80
849
454
294
544
741
24
747
873
977
862
75
943
981
178
8
868
649
242
79
194
716
243
115
112
269
418
363
306
882
365
959
641
843
265
957
678
772
408
41
127
754
584
743
422
643
58
775
751
447
849
62
883
850
26
141
508
592
612
288
742
256
342
193
712
369
249
969
945
803
935
680
527
168
341
158
240
928
900
151
23
572
59
931
451
782
616
175
129
204
377
142
134
282
99
90
491
326
137
659
688
247
453
807
751
284
843
884
525
130
372
817
307
675
609
648
596
460
847
945
649
21
910
609
725
321
312
865
383
994
724
711
880
945
565
328
36
984
478
816
835
547
972
690
891
559
486
226
645
188
351
453
727
310
617
102
497
991
724
463
876
304
724
988
314
86
722
86
312
189
89
164
833
215
218
711
125
458
157
257
256
640
49
147
698
392
480
121
163
11
70
111
783
898
912
956
367
795
519
453
820
170
222
192
510
909
442
4
584
653
761
339
809
0
423
168
750
605
725
191
450
137
261
871
750
45
317
781
101
431
113
693
818
916
738
686
453
376
106
677
992
398
10
924
837
267
958
334
969
813
171
452
179
277
545
850
593
363
386
626
607
797
994
361
259
555
383
733
901
112
384
218
508
848
431
864
565
128
467
99
972
504
284
319
48
735
638
104
321
612
943
82
694
972
641
870
40
466
129
794
615
609
892
430
469
802
929
923
251
563
121
535
929
664
728
325
844
985
359
458
27
349
520
911
391
560
914
771
85
636
537
602
389
667
43
592
579
52
211
819
679
955
589
95
489
96
27
14
237
911
478
538
162
469
769
891
790
521
591
936
806
764
14
190
632
465
145
664
112
579
359
91
454
825
580
132
925
182
432
519
216
817
430
863
755
303
827
498
342
222
869
793
724
417
661
40
368
959
802
451
444
945
406
900
77
963
85
24
203
161
265
941
450
249
938
643
102
651
115
142
612
507
121
344
167
509
674
168
867
36
592
862
277
524
562
318
44
963
289
682
315
962
446
994
510
519
631
373
566
996
999
530
590
845
366
583
379
378
87
456
666
853
322
380
337
122
83
115
420
851
701
49
513
606
894
825
552
406
186
854
773
480
513
136
167
74
214
328
616
413
259
180
68
231
306
770
839
319
206
942
190
595
683
638
267
945
588
849
786
112
831
309
834
371
862
920
27
710
452
250
386
816
925
54
646
866
141
865
822
744
487
463
978
659
219
854
565
880
41
112
627
708
34
940
58
863
309
993
224
752
870
340
452
992
473
862
475
994
204
911
56
408
287
230
539
530
351
135
336
119
381
832
344
942
284
543
79
340
88
377
262
186
345
568
129
158
29
935
889
486
649
739
973
669
543
42
419
128
997
910
752
805
655
361
541
108
306
55
611
2
139
168
827
756
505
509
115
730
706
253
11
560
914
40
36
316
956
82
0
336
993
934
622
160
201
685
930
197
921
416
191
290
889
824
90
158
951
427
543
127
372
889
247
179
297
607
403
176
930
954
201
181
924
423
67
776
686
769
991
949
351
679
60
80
284
914
757
505
372
364
539
76
124
928
547
74
95
383
377
498
425
638
909
508
623
59
878
289
23
163
155
302
648
389
310
414
287
768
939
372
427
733
251
371
257
638
823
610
407
596
812
462
683
748
122
111
627
941
211
93
950
842
69
549
282
745
134
732
941
688
552
589
140
879
980
528
50
844
427
891
707
935
743
821
747
363
259
541
611
547
481
279
224
545
860
379
269
909
627
865
651
249
914
833
879
685
723
952
100
637
376
620
594
578
482
56
653
46
822
963
213
694
983
579
744
41
571
916
700
722
206
255
481
343
306
485
16
802
402
955
144
342
379
601
875
154
24
860
589
219
136
786
774
43
721
523
953
579
877
486
722
585
870
423
646
413
819
308
909
592
800
862
248
286
813
531
598
786
794
402
643
613
651
789
118
311
89
12
207
597
257
980
73
44
703
442
706
0
24
792
25
150
466
70
102
529
602
385
113
763
805
493
156
740
70
277
802
752
112
422
239
169
680
747
129
269
613
925
346
314
394
912
883
832
761
313
535
723
557
400
51
548
802
42
108
131
447
674
542
945
538
347
371
467
939
734
496
647
33
573
826
335
280
640
352
283
199
65
564
454
385
535
548
769
276
636
453
141
969
894
374
223
557
607
707
873
659
677
435
47
335
555
204
240
590
399
317
940
816
924
688
766
977
95
177
319
360
162
690
600
57
209
762
254
928
72
341
475
632
648
872
152
571
488
715
750
754
578
479
843
959
154
267
754
729
446
50
746
95
866
427
800
576
749
400
425
596
759
454
546
888
99
347
492
324
228
261
222
834
883
824
582
379
664
679
41
624
249
642
935
622
623
275
829
216
524
335
47
395
61
524
958
344
597
576
43
519
994
858
634
565
808
69
932
451
259
887
185
653
253
679
873
787
291
738
629
828
717
199
240
244
696
548
727
881
294
141
981
664
526
246
287
887
333
271
470
491
400
135
890
979
441
949
939
44
597
793
536
728
910
512
805
909
19
128
934
218
323
580
350
908
665
884
704
137
950
628
180
377
849
400
753
271
531
434
603
127
82
725
479
489
128
538
917
534
800
989
742
366
242
219
297
313
146
948
482
559
638
573
699
254
950
219
173
539
674
293
639
944
471
198
987
9
332
420
26
943
990
568
529
556
938
841
516
578
27
960
596
952
903
162
891
275
368
909
978
755
402
70
43
201
262
367
633
103
876
429
879
581
620
86
244
834
396
406
931
427
353
578
81
931
516
122
344
478
502
278
539
546
912
602
643
234
771
661
9
496
464
185
391
341
215
735
395
729
329
722
979
417
247
41
666
790
214
934
850
595
519
247
2
438
704
158
179
598
942
892
919
895
39
46
536
408
291
855
429
305
765
756
932
769
367
189
433
224
448
642
969
199
230
35
572
113
111
235
782
753
999
750
956
786
90
316
479
251
954
303
579
173
347
22
521
663
645
18
435
622
833
183
314
720
458
477
781
664
289
546
479
266
487
788
236
380
186
36
294
206
812
89
117
509
287
719
270
442
740
525
554
586
879
143
737
685
203
29
949
647
42
728
784
421
592
403
819
220
139
687
812
959
14
491
190
387
966
927
497
493
161
906
317
7
654
575
805
657
643
340
499
624
53
255
871
251
399
8
600
114
846
283
127
974
769
172
594
743
278
257
803
305
571
299
364
822
660
813
234
506
420
358
14
603
945
161
62
913
836
320
924
216
784
136
992
994
620
495
862
704
553
499
486
295
878
160
646
47
562
10
268
492
448
402
723
868
369
608
982
80
382
13
995
871
152
300
68
355
274
211
527
920
33
518
297
462
548
761
903
147
306
304
695
150
273
643
536
366
765
578
552
345
306
17
772
967
979
299
276
587
261
256
167
617
948
839
769
27
490
922
431
712
979
375
591
695
174
304
191
187
370
102
251
436
530
548
25
184
671
607
280
438
569
6
654
314
152
224
851
299
856
857
141
377
976
227
453
983
271
363
187
736
252
236
905
991
39
529
151
377
481
695
305
929
995
548
810
355
927
941
365
389
378
872
349
290
414
785
554
248
436
62
447
491
897
304
708
308
501
559
518
703
960
886
293
385
682
983
107
260
77
237
157
252
704
16
467
228
630
190
267
323
691
757
139
226
94
785
217
256
546
940
83
348
215
216
849
113
778
293
448
742
564
518
348
677
77
693
165
881
198
227
192
776
151
271
509
6
252
159
849
220
599
726
494
987
983
529
803
201
226
847
933
858
83
629
642
816
489
979
794
778
927
789
140
761
710
531
423
181
423
665
23
958
558
543
258
597
386
294
167
772
307
944
479
603
891
560
908
525
233
119
250
618
905
49
628
466
503
162
523
526
114
683
745
190
576
539
462
447
587
539
468
393
295
309
126
196
874
110
625
4
162
956
45
826
213
871
879
236
554
581
934
9
314
547
787
555
662
90
362
632
192
622
368
358
580
182
728
487
479
192
959
376
137
885
157
659
6
772
417
530
1
378
155
575
142
235
91
58
151
100
824
391
17
421
968
385
158
144
898
853
957
752
98
977
358
43
454
965
857
314
60
89
843
441
129
240
476
702
686
175
740
386
308
446
469
53
31
247
62
292
588
180
277
778
435
671
612
245
391
252
162
379
848
941
309
533
876
331
353
737
620
375
374
44
504
559
252
131
501
329
222
637
26
683
13
353
906
863
884
401
766
501
958
588
613
280
224
232
644
73
578
862
94
760
609
977
736
275
642
717
148
285
700
679
650
222
769
417
484
160
547
227
318
715
112
656
132
929
931
888
761
143
390
54
922
481
961
38
690
179
157
395
33
917
515
648
122
195
917
691
904
913
431
80
162
51
859
340
628
444
791
294
701
968
697
346
727
163
42
831
13
730
711
527
857
365
854
585
890
510
475
112
519
547
553
618
178
508
150
673
762
65
538
654
307
168
921
652
434
496
657
298
429
696
394
350
135
75
753
773
553
940
444
6
30
643
942
990
228
727
745
48
332
339
936
827
763
945
661
221
813
636
939
972
382
125
274
785
356
498
764
774
394
467
543
196
433
169
891
797
764
866
528
552
754
383
796
856
847
794
660
970
36
715
107
34
390
763
198
946
634
687
574
699
643
207
500
450
924
32
400
642
635
207
415
426
195
855
517
874
614
618
457
39
350
444
775
402
289
324
281
907
505
527
300
341
517
624
671
425
214
475
394
52
448
404
680
383
431
238
95
329
109
870
591
781
949
801
325
250
622
90
65
213
217
187
811
314
840
7
783
428
588
680
387
275
830
672
804
968
656
256
144
856
830
439
165
301
346
907
153
236
748
869
686
196
11
506
590
166
747
514
298
981
568
5
278
533
506
935
979
784
930
31
974
734
458
865
73
543
550
508
754
717
497
900
147
234
467
990
341
271
720
888
813
600
970
171
136
560
724
442
876
465
882
746
944
438
371
911
830
217
920
905
137
381
421
190
300
527
110
813
173
291
187
244
745
595
220
0
464
303
179
787
812
641
363
124
171
339
626
162
643
724
551
590
101
648
328
265
490
764
677
90
219
458
444
386
603
257
968
684
553
187
344
416
237
631
416
11
556
289
702
690
426
802
751
487
655
721
142
452
868
370
520
500
775
816
768
391
477
117
264
645
663
630
46
889
529
815
911
278
807
574
457
814
544
447
696
431
557
448
887
911
350
895
612
62
122
360
776
145
864
819
961
573
964
902
215
240
678
857
733
335
549
658
878
646
38
480
569
298
894
11
438
370
11
919
531
130
394
555
928
801
45
968
750
874
126
599
145
256
599
889
178
51
775
277
972
456
743
348
366
653
564
495
60
65
74
82
104
807
12
928
197
918
273
241
774
554
362
25
481
297
764
72
65
744
224
637
628
508
660
419
610
382
3
655
868
936
812
749
543
94
426
822
779
570
316
446
339
226
317
58
879
340
219
51
747
977
709
833
545
313
287
850
729
252
454
397
128
256
518
914
391
692
910
273
516
655
485
765
501
334
256
662
644
664
547
287
181
500
516
134
632
657
186
878
466
560
818
31
200
667
580
431
749
964
544
70
15
248
934
725
318
377
961
933
32
707
297
888
996
313
184
669
424
988
417
36
463
101
160
69
153
491
59
512
176
796
337
460
363
752
770
423
137
876
246
559
504
446
969
110
731
836
240
975
595
91
388
399
788
678
365
505
243
78
554
56
335
450
473
893
786
664
97
976
500
701
574
787
21
548
870
767
84
262
951
235
157
733
335
310
637
324
515
92
643
469
83
362
535
351
966
803
581
860
299
451
570
837
557
286
946
638
196
564
932
88
764
780
219
353
605
790
178
316
413
905
774
641
64
576
601
778
983
389
665
143
82
323
517
161
133
955
383
414
301
582
882
663
979
649
601
263
369
996
679
68
781
902
927
836
728
633
976
316
694
701
434
410
779
514
737
742
579
268
663
22
255
204
464
834
697
999
178
849
258
88
23
129
356
258
230
388
256
244
957
40
616
598
320
945
361
510
308
585
662
837
216
507
435
219
48
346
48
621
791
115
391
839
660
855
804
951
922
11
601
430
52
358
278
441
658
382
288
72
981
669
954
105
0
461
566
469
682
904
552
809
590
58
451
399
324
226
271
830
341
621
301
275
402
803
423
658
721
378
380
259
89
850
543
273
44
737
269
825
271
31
91
286
611
988
643
686
856
282
710
462
246
250
528
495
60
454
229
584
759
307
558
232
627
820
864
389
915
959
352
648
627
988
675
104
630
249
235
711
519
60
325
272
574
850
304
558
609
87
550
642
319
270
212
997
32
362
318
763
726
638
257
110
354
302
157
450
919
619
226
39
32
962
934
156
672
325
470
776
380
417
138
732
900
688
194
289
596
689
474
366
746
881
992
371
516
528
691
195
840
322
370
707
486
99
395
349
785
955
702
291
544
97
743
936
203
101
345
666
625
545
30
207
189
620
270
963
620
110
970
2
127
557
580
932
685
323
875
353
471
739
198
140
900
528
91
41
269
905
627
195
517
871
502
822
102
221
213
420
447
621
791
723
217
729
126
878
985
906
964
506
459
223
194
218
185
119
817
227
73
125
401
530
427
736
450
757
856
386
109
488
95
5
79
422
341
434
326
367
528
943
344
595
930
735
933
342
643
50
947
151
678
877
885
117
182
713
735
959
944
409
6
164
63
339
672
980
731
531
885
355
317
960
565
469
194
914
877
375
685
842
280
147
909
526
781
746
733
588
7
342
281
935
489
329
651
553
404
588
667
766
731
678
382
201
100
688
335
897
414
959
574
127
4
698
131
948
288
535
393
22
345
855
946
587
324
478
407
256
554
148
986
137
845
59
914
219
585
526
605
984
490
396
678
971
361
259
827
578
801
696
646
352
157
611
639
159
556
341
364
751
223
131
34
99
682
409
434
404
503
173
616
890
877
823
529
252
73
348
796
810
387
827
712
400
488
83
851
422
96
673
235
25
573
454
790
571
389
938
715
303
84
407
308
666
868
26
553
10
51
675
167
117
604
495
659
332
637
55
984
755
363
704
294
70
246
438
339
636
814
915
550
722
155
67
487
738
848
131
363
62
805
453
928
180
47
132
102
267
741
815
390
196
368
980
364
271
241
403
391
911
67
319
113
219
494
476
688
620
352
304
233
293
22
333
951
471
260
955
410
672
719
751
982
502
374
172
370
661
549
735
478
213
21
367
73
144
560
367
442
985
679
222
532
97
981
421
588
117
534
696
481
585
534
528
479
725
328
843
337
979
16
338
297
705
870
317
819
709
922
750
849
879
696
330
605
637
76
695
341
883
184
815
26
253
15
395
212
359
806
545
195
813
507
211
367
720
881
759
917
635
424
245
756
861
874
952
74
421
911
186
385
982
872
931
190
218
358
158
871
687
635
315
772
384
801
790
770
637
55
184
198
574
820
383
375
50
527
540
609
655
41
537
307
946
284
252
278
771
130
279
170
362
665
75
86
522
781
971
936
805
257
79
878
184
822
421
856
711
126
491
284
730
740
839
437
37
785
957
762
76
3
325
117
821
347
401
855
511
248
2
975
109
339
808
943
976
333
929
927
280
486
604
457
609
105
203
325
156
464
429
978
415
353
219
124
301
505
556
423
640
809
658
738
748
399
686
721
676
811
520
261
457
346
990
699
347
603
413
345
251
370
22
170
343
435
573
910
667
505
292
203
680
624
590
121
422
603
62
357
381
203
357
637
353
349
419
547
489
382
781
82
300
958
438
367
203
36
312
609
650
398
738
480
852
480
